cameras:
 -
  vendor: sensing
  sensor: imx424
  fov: 60
  srcsz: 3840
  undistorsz: 1920
  K: [1.767104822915813e+03, 0, 9.674122717568121e+02, 0,1.980908029523902e+03, 5.694739251420406e+02, 0, 0, 1]
  distorParams: [-0.4066, 0.1044, 0, 0]
  rect: [65,105,1788,886]
 -
  vendor: sensing
  sensor: imx424
  fov: 60
  srcsz: 3840
  undistorsz: 960
  K: [853.417882746302, 0, 483.001902270090, 0, 959.666714085956, 280.450178308760, 0, 0, 1]
  distorParams: [-0.368584528301156, 0.0602436114872144, 0, 0]
  rect: [36,53,888,440]
 -
  vendor: sensing
  sensor: imx390
  fov: 60
  srcsz: 1920
  undistorsz: 1920
  K: [1.946119547414241e+03, 0, 1.016749758038493e+03, 0, 1.943374997244887e+03, 5.679760696574299e+02, 0, 0, 1]
  distorParams: [-0.5554, 0.2303, 0, 0]
  rect: [95,130,1751,840]
 -
  vendor: sensing
  sensor: imx390
  fov: 60
  srcsz: 1920
  undistorsz: 960
  K: [1.015264419405688e+03, 0, 5.175898502304585e+02, 0, 1.011960767907845e+03, 2.927908447845667e+02, 0, 0, 1]
  distorParams: [-0.6027, 0.2956, 0, 0]
  rect: [45,64,882,423]
 -
  vendor: sensing
  sensor: imx390
  fov: 90
  srcsz: 1920
  undistorsz: 1920
  K: [1.1,0,1.3,0,2.2,2.3,0,0,1]
  distorParams: [0.1,0.2]
 -
  vendor: sensing
  sensor: imx390
  fov: 90
  srcsz: 1920
  undistorsz: 960
  K: [1.1,0,1.3,0,2.2,2.3,0,0,1]
  distorParams: [0.1,0.2]
 -
  vendor: sensing
  sensor: imx390
  fov: 120
  srcsz: 1920
  undistorsz: 1920
  K: [1.1,0,1.3,0,2.2,2.3,0,0,1]
  distorParams: [70,66,885,410]
 -
  vendor: sensing
  sensor: imx390
  fov: 120
  srcsz: 1920
  undistorsz: 960
  K: [4.890925118101495e+02, 0, 4.940763211103715e+02, 0, 4.912630345468579e+02, 2.865820139005963e+02, 0, 0, 1]
  distorParams: [-0.2838, 0.0628, 0, 0]
  rect: [70,66,885,410]
 -
  vendor: lijing
  sensor: imx390
  fov: 60
  srcsz: 1920
  undistorsz: 1920
  K: [2.075765787574657e+03, 0, 9.479666200437899e+02, 0, 2.066538110898970e+03, 5.677805443267157e+02, 0, 0, 1]
  distorParams: [-0.6183, 0.3355, 0, 0]
  rect: [69,103,1782,889]
 -
  vendor: lijing
  sensor: imx390
  fov: 60
  srcsz: 1920
  undistorsz: 960
  K: [1.049076504159804e+03, 0, 4.893740319911021e+02, 0, 1.042781786220125e+03, 2.982826528435153e+02, 0, 0, 1]
  distorParams: [-0.6479, 0.3817, 0, 0]
  rect: [37,55,886,442]
 -
  vendor: lijing
  sensor: imx390
  fov: 90
  srcsz: 1920
  undistorsz: 1920
  K: [1.1,0,1.3,0,2.2,2.3,0,0,1]
  distorParams: [0.1,0.2]
 -
  vendor: lijing
  sensor: imx390
  fov: 90
  srcsz: 1920
  undistorsz: 960
  K: [1.1,0,1.3,0,2.2,2.3,0,0,1]
  distorParams: [0.1,0.2]
 -
  vendor: lijing
  sensor: imx390
  fov: 120
  srcsz: 1920
  undistorsz: 1920
  K: [1.1,0,1.3,0,2.2,2.3,0,0,1]
  distorParams: [0.1,0.2]
 -
  vendor: lijing
  sensor: imx390
  fov: 120
  srcsz: 1920
  undistorsz: 960
  K: [5.697254178623398e+02,0,4.829014673006656e+02,0,5.704662182576785e+02,2.533451302114767e+02,0,0,1]
  distorParams: [-0.3892, 0.1146, 0, 0]
  rect: [10,65,945,406]

structures:
 -
  vendor: lijing
  sensor: imx390
  sttype: 4cam-silver
  undistor: true
  fov: 120
  inputsz: 960
  params:
   -
    cams: [506.997,0,480,0,506.997,270,0,0,1,0.840386,0.0154345,-0.541769,8.28463e-10,0.999594,0.0284776,
          0.541988,-0.0239322,0.840045,528.538,0,480,0,528.538,270,0,0,1,0.840453,-0.0112144,0.541769,
          -1.13672e-07,0.999786,0.0206953,-0.541885,-0.0173935,0.840273,517.768]
    cut: [3, 58, 1371, 386]
   -
    cams: [368.053,0,480,0,368.053,270,0,0,1,0.747661,0.0236313,-0.66366,4.21091e-09,0.999367,0.0355849,
            0.664081,-0.0266055,0.747187,360.786,0,480,0,360.786,270,0,0,1,0.747555,0.0267741,0.66366,-9.15444e-08,
            0.999187,-0.0403101,-0.6642,0.030134,0.746947,364.419]
    cut: [4, 90, 1205, 322]
 -
  vendor: lijing
  sensor: imx390
  sttype: 4cam-silver
  undistor: true
  fov: 120
  inputsz: 720
  params:
   -
    cams: [308.136,0,360,0,308.136,202.5,0,0,1,0.786393,0.0049988,-0.617706,-2.46991e-10,0.999967,0.00809226,
              0.617727,-0.00636369,0.786367,324.665,0,360,0,324.665,202.5,0,0,1,0.7864,0.00369678,0.617706,
              -3.96339e-08,0.999982,-0.00598453,-0.617717,0.00470621,0.786386,316.4]
    cut: [0, 53, 958, 260]
   -
    cams: [217.492,0,360,0,217.492,202.5,0,0,1,0.668746,0.0405719,-0.742384,-9.88056e-11,0.99851,0.0545694,
              0.743491,-0.0364931,0.667749,217.907,0,360,0,217.907,202.5,0,0,1,0.668813,0.0394459,0.742384,
              -2.13497e-08,0.998591,-0.0530593,-0.743431,0.0354867,0.667871,217.7]
    cut: [5, 80, 813, 206]