cameras:
 -
  vendor: sensing
  sensor: imx424
  sttype: default
  fov: 60
  srcsz: 3840
  undistorsz: 1920
  K: [1.767104822915813e+03, 0, 9.674122717568121e+02, 0,1.980908029523902e+03, 5.694739251420406e+02, 0, 0, 1]
  distorParams: [-0.4066, 0.1044, 0, 0]
  rect: [65,105,1788,886]
 -
  vendor: sensing
  sensor: imx424
  sttype: default
  fov: 60
  srcsz: 3840
  undistorsz: 960
  K: [853.417882746302, 0, 483.001902270090, 0, 959.666714085956, 280.450178308760, 0, 0, 1]
  distorParams: [-0.368584528301156, 0.0602436114872144, 0, 0]
  rect: [36,53,888,440]
 -
  vendor: sensing
  sensor: imx390
  sttype: default
  fov: 60
  srcsz: 1920
  undistorsz: 1920
  K: [1.946119547414241e+03, 0, 1.016749758038493e+03, 0, 1.943374997244887e+03, 5.679760696574299e+02, 0, 0, 1]
  distorParams: [-0.5554, 0.2303, 0, 0]
  rect: [95,130,1751,840]
 -
  vendor: sensing
  sensor: imx390
  sttype: default
  fov: 60
  srcsz: 1920
  undistorsz: 960
  K: [1.015264419405688e+03, 0, 5.175898502304585e+02, 0, 1.011960767907845e+03, 2.927908447845667e+02, 0, 0, 1]
  distorParams: [-0.6027, 0.2956, 0, 0]
  rect: [45,64,882,423]
 -
  vendor: sensing
  sensor: imx390
  sttype: default
  fov: 90
  srcsz: 1920
  undistorsz: 1920
  K: [1.1,0,1.3,0,2.2,2.3,0,0,1]
  distorParams: [0.1,0.2]
 -
  vendor: sensing
  sensor: imx390
  sttype: default
  fov: 90
  srcsz: 1920
  undistorsz: 960
  K: [1.1,0,1.3,0,2.2,2.3,0,0,1]
  distorParams: [0.1,0.2]
 -
  vendor: sensing
  sensor: imx390
  sttype: default
  fov: 120
  srcsz: 1920
  undistorsz: 1920
  K: [1.1,0,1.3,0,2.2,2.3,0,0,1]
  distorParams: [70,66,885,410]
 -
  vendor: sensing
  sensor: imx390
  sttype: default
  fov: 120
  srcsz: 1920
  undistorsz: 960
  K: [4.890925118101495e+02, 0, 4.940763211103715e+02, 0, 4.912630345468579e+02, 2.865820139005963e+02, 0, 0, 1]
  distorParams: [-0.2838, 0.0628, 0, 0]
  rect: [70,66,885,410]
 -
  vendor: lijing
  sensor: imx390
  sttype: default
  fov: 60
  srcsz: 1920
  undistorsz: 1920
  K: [2.075765787574657e+03, 0, 9.479666200437899e+02, 0, 2.066538110898970e+03, 5.677805443267157e+02, 0, 0, 1]
  distorParams: [-0.6183, 0.3355, 0, 0]
  rect: [69,103,1782,889]
 -
  vendor: lijing
  sensor: imx390
  sttype: default
  fov: 60
  srcsz: 1920
  undistorsz: 960
  K: [1.049076504159804e+03, 0, 4.893740319911021e+02, 0, 1.042781786220125e+03, 2.982826528435153e+02, 0, 0, 1]
  distorParams: [-0.6479, 0.3817, 0, 0]
  rect: [37,55,886,442]
 -
  vendor: lijing
  sensor: imx390
  sttype: default
  fov: 90
  srcsz: 1920
  undistorsz: 1920
  K: [1.1,0,1.3,0,2.2,2.3,0,0,1]
  distorParams: [0.1,0.2]
 -
  vendor: lijing
  sensor: imx390
  sttype: default
  fov: 90
  srcsz: 1920
  undistorsz: 960
  K: [1.1,0,1.3,0,2.2,2.3,0,0,1]
  distorParams: [0.1,0.2]
 -
  vendor: lijing
  sensor: imx390
  sttype: default
  fov: 120
  srcsz: 1920
  undistorsz: 1920
  K: [1.1,0,1.3,0,2.2,2.3,0,0,1]
  distorParams: [0.1,0.2]
 -
  vendor: lijing
  sensor: imx390
  sttype: 4cam-silver
  fov: 120
  srcsz: 1920
  undistorsz: 960
  K: [5.697254178623398e+02,0,4.829014673006656e+02,0,5.704662182576785e+02,2.533451302114767e+02,0,0,1]
  distorParams: [-0.3892, 0.1146, 0, 0]
  rect: [10,65,900,408]
 -
  vendor: lijing
  sensor: imx390
  sttype: 4cam-black
  fov: 120
  srcsz: 1920
  undistorsz: 960
  K: [5.172537738732404e+02, 0, 5.001542937795654e+02, 0, 5.174196002749518e+02, 2.652189095819902e+02,0,0, 1]
  distorParams: [-0.33662, 0.0866, 0, 0]
  rect: [138,66,742,408]

structures:
 -
  vendor: lijing
  sensor: imx390
  sttype: 4cam-silver
  undistor: true
  fov: 120
  inputsz: 960
  params:
   -
    cams: [504.923,0,480,0,504.923,270,0,0,1,0.819772,-0.0139633,-0.57252,-6.10147e-09,0.999703,-0.0243819,0.57269,0.0199876,0.819529,
    541.607,0,480,0,541.607,270,0,0,1,0.819861,-0.00703202,0.57252,-1.32718e-07,0.999925,0.0122818,-0.572563,-0.0100695,0.819799,
    523.265]
#     cut: [3, 58, 1371, 386]
    cut: [10, 140, 1371, 280]
   -
    cams: [297.892,0,480,0,297.892,270,0,0,1,0.7239,-0.0049756,-0.689887,5.7291e-10,0.999974,-0.00721203,0.689905,0.0052208,0.723881,
    419.574,0,480,0,419.574,270,0,0,1,0.718549,0.0879957,0.689887,7.23339e-08,0.991963,-0.126526,-0.695476,0.0909151,0.712774,
    358.733]
#     cut: [4, 90, 1205, 322]
    cut: [25, 140, 1185, 240]
 -
  vendor: lijing
  sensor: imx390
  sttype: 4cam-silver
  undistor: true
  fov: 120
  inputsz: 720
  params:
   -
    cams: [0]
    cut: [0, 53, 958, 260]
   -
    cams: [0]
    cut: [5, 80, 813, 206]
 -
  vendor: lijing
  sensor: imx390
  sttype: 4cam-silver
  undistor: false
  fov: 120
  inputsz: 720
  params:
   -
    cams: [0]
    cut: [0, 0, 1285, 406]
   -
    cams: [0]
    cut: [4, 40, 1209, 344]
 -
  vendor: lijing
  sensor: imx390
  sttype: 4cam-silver
  undistor: false
  fov: 120
  inputsz: 960
  params:
   -
    cams: [0]
    cut: [3, 22, 1677, 514]
   -
    cams: [0]
    cut: [2, 37, 1752, 513]
# ok
 -
  vendor: lijing
  sensor: imx390
  sttype: 4cam-silver
  undistor: true
  fov: 120
  inputsz: 640
  params:
   -
    cams: [331.407,0,320,0,331.407,180,0,0,1,0.810829,-0.0190215,-0.584974,-1.02446e-09,0.999472,-0.0324997,0.585283,0.0263517,0.810401,
    342.275,0,320,0,342.275,180,0,0,1,0.811034,-0.00543365,0.584974,1.28712e-08,0.999957,0.0092883,-0.584999,-0.00753313,0.810999,
    336.841]
    cut: [10, 60, 920, 245]
   -
    cams: [291.588,0,320,0,291.588,180,0,0,1,0.812896,-0.00550543,-0.582382,-4.90399e-11,0.999955,-0.00945288,0.582408,0.00768421,0.81286,
    341.767,0,320,0,341.767,180,0,0,1,0.810542,0.0620672,0.582382,-2.56981e-08,0.994369,-0.105975,-0.58568,0.0858968,0.805978,
    316.678]
    cut: [13, 80, 880, 200]
 -
  vendor: lijing
  sensor: imx390
  sttype: 4cam-black
  undistor: true
  fov: 120
  inputsz: 960
  params:
   -
    cams: [501.208,0,480,0,501.208,270,0,0,1,0.785553,-0.0180016,-0.618532,0,0.999577,-0.0290914,0.618794,0.0228528,0.785221,
            501.208,0,480,0,501.208,270,0,0,1,0.784068,0.0515319,0.618532,3.22016e-08,0.996547,-0.0830256,-0.620675,0.0650977,
            0.781361,501.208]
    cut: [10, 136, 1430, 250]
   -
    cams: [518.11,0,480,0,518.11,270,0,0,1,0.761899,-0.00339042,-0.647687,-5.40886e-09,0.999986,-0.00523459,0.647696,0.00398823,
            0.761888,491.348,0,480,0,491.348,270,0,0,1,0.761649,0.0197827,0.647687,-4.2654e-08,0.999534,-0.0305293,-0.647989,
            0.0232526,0.761294,504.729]
    cut: [10, 129, 1470, 250]
 -
  vendor: lijing
  sensor: imx390
  sttype: 4cam-black
  undistor: true
  fov: 120
  inputsz: 800
  params:
   -
    cams: [372.881,0,480,0,372.881,270,0,0,1,0.741151,-0.00534994,-0.671317,1.4366e-09,0.999968,-0.00796907,0.671338,
        0.00590628,0.741127,375.479,0,480,0,375.479,270,0,0,1,0.741089,0.0109599,0.671317,2.8276e-08,0.999867,-0.0163238,
        -0.671406,0.0120974,0.740991,374.18]
    cut: [0, 110, 1234, 250]
   -
    cams: [8965.53,0,480,0,8965.53,270,0,0,1,0.999066,-0.009954,-0.0420386,5.60572e-09,0.973093,-0.230411,0.043201,
    0.230196,0.972185,8689.17,0,480,0,8689.17,270,0,0,1,0.999065,0.0100806,0.0420386,-3.96987e-09,0.972433,-0.233183,
    -0.0432303,0.232965,0.971524,8827.35]
    cut: [0, 136, 1421, 250]
 -
  vendor: lijing
  sensor: imx390
  sttype: 4cam-black
  undistor: true
  fov: 120
  inputsz: 720
  params:
   -
    cams: [501.208,0,480,0,501.208,270,0,0,1,0.785553,-0.0180016,-0.618532,0,0.999577,-0.0290914,0.618794,0.0228528,0.785221,
            501.208,0,480,0,501.208,270,0,0,1,0.784068,0.0515319,0.618532,3.22016e-08,0.996547,-0.0830256,-0.620675,0.0650977,
            0.781361,501.208]
    cut: [0, 110, 1234, 250]
   -
    cams: [518.11,0,480,0,518.11,270,0,0,1,0.761899,-0.00339042,-0.647687,-5.40886e-09,0.999986,-0.00523459,0.647696,0.00398823,
            0.761888,491.348,0,480,0,491.348,270,0,0,1,0.761649,0.0197827,0.647687,-4.2654e-08,0.999534,-0.0305293,-0.647989,
            0.0232526,0.761294,504.729]
    cut: [0, 136, 1421, 250]
 -
  vendor: lijing
  sensor: imx390
  sttype: 4cam-black
  undistor: true
  fov: 120
  inputsz: 640
  params:
   -
    cams: [294.108,0,320,0,294.108,180,0,0,1,0.797011,-0.0268806,-0.603366,-2.3597e-10,0.999009,-0.044507,0.603964,0.0354726,0.796222,
          290.93,0,320,0,290.93,180,0,0,1,0.797237,0.0190415,0.603366,-5.54059e-08,0.999502,-0.0315431,-0.603666,0.0251473,0.796841,
           292.519]
    cut: [8, 53, 855, 228]
   -
    cams: [325.287,0,320,0,325.287,180,0,0,1,0.827015,0.00674042,-0.562139,-9.05641e-10,0.999928,0.0119898,0.562179,-0.00991576,0.826956,
           309.681,0,320,0,309.681,180,0,0,1,0.826721,0.0230721,0.562139,3.70533e-08,0.999159,-0.0410089,-0.562612,0.0339029,0.826025,
           317.484]
    cut: [7, 65, 855, 228]