2021-10-27-16-30-46:
354.768,0,240,0,354.768,135,0,0,1,
0.315407,-0.0221394,0.948698,0.0201576,0.999659,0.016627,-0.948743,0.0138792,0.315745,
0.915464,0.00566303,0.402361,-0.0167103,0.999574,0.0239513,-0.402054,-0.0286501,0.915168,
0.917205,-0.00332783,-0.398402,0.00630362,0.999961,0.00615962,0.398366,-0.00816101,0.91719,
0.304044,0.000783844,-0.952658,0.0103871,0.999938,0.00413782,0.952601,-0.0111534,0.304017,
368.452
2021-10-27-16-33-34:
338.861,0,240,0,338.861,135,0,0,1,
0.57405,-0.0579148,0.816769,0.0158953,0.998096,0.0596004,-0.818666,-0.0212308,0.573878,
0.896662,0.00587292,0.442677,-0.0156635,0.999707,0.0184641,-0.442439,-0.02349,0.896491,
0.941605,-0.00164651,-0.336716,0.00297045,0.99999,0.00341682,0.336707,-0.00421749,0.9416,
0.385439,0.00214775,-0.922731,0.00550828,0.999974,0.00462843,0.922717,-0.00686664,0.385417,
379.438
2021-10-27-16-37-05:
366.143,0,240,0,366.143,135,0,0,1,
0.328593,0.00926657,0.944426,0.0153816,0.999767,-0.0151613,-0.944346,0.0195087,0.328374,
0.911444,0.0095907,0.411312,-0.00789738,0.999952,-0.00581606,-0.411348,0.00205272,0.911476,
0.916752,-0.00737034,-0.39939,-0.00162166,0.999753,-0.0221718,0.399454,0.0209737,0.916513,
0.291222,-0.0242118,-0.956349,0.0124661,0.999691,-0.0215129,0.956574,-0.00565687,0.291434,
357.033
2021-10-27-16-37-24:
355.762,0,240,0,355.762,135,0,0,1,
0.300901,0.00745536,0.953626,0.0156242,0.999797,-0.0127463,-0.953527,0.018735,0.300724,
0.908062,0.00762175,0.418767,-0.00606452,0.999969,-0.00504948,-0.418793,0.00204562,0.90808,
0.912321,-0.00671907,-0.409421,-0.00330458,0.999712,-0.0237701,0.409463,0.0230389,0.912036,
0.268381,-0.0256044,-0.962972,0.0142353,0.999643,-0.0226121,0.963208,-0.00763955,0.26865,
348.974
2021-10-27-16-43-11:
363.32,0,240,0,363.32,135,0,0,1,
0.329416,0.0153906,0.944059,0.0106945,0.999742,-0.0200301,-0.944124,0.0166945,0.329167,
0.913937,0.0147679,0.405587,-0.0136058,0.999891,-0.0057484,-0.405628,-0.000264649,0.914038,
0.915996,-0.0186075,-0.400756,0.00944281,0.999647,-0.0248315,0.401077,0.0189613,0.915848,
0.314828,-0.0221553,-0.94889,0.000833179,0.999734,-0.023066,0.949148,0.00647123,0.314763,
361.519
2021-10-27-16-48-21:
367.561,0,240,0,367.561,135,0,0,1,
0.329439,0.0177967,0.944009,0.0237182,0.999351,-0.0271171,-0.943879,0.0313236,0.328803,
0.912849,0.0178257,0.407907,-0.0113802,0.999769,-0.0182226,-0.408138,0.0119925,0.912842,
0.91734,-0.00947601,-0.397992,-0.00374103,0.999468,-0.0324196,0.398087,0.0312287,0.916816,
0.298062,-0.03446,-0.953924,0.020152,0.999353,-0.0298044,0.954334,-0.0103399,0.298564,
354.549
2021-10-27-16-48-45:
348.512,0,240,0,348.512,135,0,0,1,
0.270616,0.011756,0.962616,0.0354363,0.999126,-0.0221639,-0.962035,0.0401094,0.269963,
0.904306,0.0168443,0.426552,-0.00937089,0.999764,-0.0196134,-0.426782,0.0137393,0.90425,
0.907816,-0.00393362,-0.419351,-0.0106613,0.999416,-0.0324546,0.419234,0.0339336,0.907244,
0.240341,-0.0411328,-0.969817,0.0356289,0.998802,-0.0335326,0.970034,-0.0264942,0.241519,
334.761
2021-10-27-16-49-17:
350.179,0,240,0,350.179,135,0,0,1,
0.28035,0.00615115,0.959878,0.045144,0.998788,-0.0195856,-0.958836,0.0488235,0.279733,
0.9049,0.0206564,0.425123,-0.0141926,0.99973,-0.0183663,-0.425387,0.0105861,0.904949,
0.90866,-0.00066157,-0.417536,-0.0117909,0.999559,-0.0272435,0.41737,0.0296782,0.908252,
0.250032,-0.0386896,-0.967464,0.0435972,0.998638,-0.028669,0.967255,-0.0350106,0.251378,
336.933
2021-10-27-16-49-44:
360.911,0,240,0,360.911,135,0,0,1,
0.310824,0.0156164,0.950339,0.0304893,0.999187,-0.0263911,-0.949978,0.0371782,0.310095,
0.910124,0.017862,0.41395,-0.00993484,0.999724,-0.021295,-0.414216,0.0152686,0.91005,
0.91391,-0.00481416,-0.405887,-0.00978401,0.999378,-0.0338835,0.405798,0.0349377,0.913295,
0.282974,-0.0372972,-0.958402,0.0300622,0.999097,-0.0300049,0.958656,-0.0203211,0.28384,
348.168
2021-10-27-16-53-08:
426.605,0,240,0,426.605,135,0,0,1,
0.310042,-0.338775,0.888316,-0.00790922,0.933407,0.358732,-0.95069,-0.118248,0.286716,
0.839833,-0.333863,0.428037,0.225355,0.931777,0.284615,-0.493858,-0.142569,0.857775,
0.20978,-0.662394,-0.719184,-0.34756,-0.73803,0.578372,-0.91389,0.128629,-0.385046,
-0.455116,-0.660499,-0.597169,0.25026,-0.7385,0.62609,-0.85454,0.135496,0.5014,
321.377
2021-10-27-16-53-27:
376.591,0,240,0,376.591,135,0,0,1,
0.364572,0.00316599,0.93117,0.029129,0.999466,-0.0148028,-0.930719,0.0325208,0.364285,
0.918079,0.0230566,0.395726,-0.0234474,0.999718,-0.00385007,-0.395703,-0.00574408,0.918361,
0.92263,-0.011943,-0.3855,0.00578215,0.999837,-0.0171368,0.385642,0.0135819,0.922549,
0.336273,-0.0263586,-0.941395,0.0165702,0.999619,-0.0220698,0.941619,-0.00817761,0.336582,
365.983
2021-10-27-16-57-40:
391.424,0,240,0,391.424,135,0,0,1,
0.36135,0.00740314,0.932401,0.0196488,0.999686,-0.0155522,-0.932223,0.0239404,0.361092,
0.915949,0.0140542,0.401048,-0.012989,0.999901,-0.00537462,-0.401084,-0.000286353,0.916041,
0.92158,-0.00861188,-0.388093,0.000369408,0.999773,-0.021308,0.388189,0.0194936,0.921374,
0.325074,-0.0251091,-0.945355,0.01371,0.999667,-0.0218373,0.945589,-0.00586205,0.32531,
364.912
2021-10-28-15-14-48:
176.479,0,240,0,176.479,135,0,0,1,
0.173551,0.101864,0.979543,0.0429117,0.99291,-0.110857,-0.98389,0.0612731,0.167949,
0.93375,0.0329707,0.356403,-0.0301065,0.999454,-0.0135825,-0.356657,0.00195258,0.934234,
0.916409,-0.0210766,-0.399688,0.011674,0.999595,-0.025945,0.400073,0.0191102,0.916284,
0.348276,-0.0460936,-0.936258,0.0286163,0.998848,-0.0385301,0.936955,-0.0133731,0.349194,
386.726
2021-10-28-15-16-07:
205.086,0,240,0,205.086,135,0,0,1,
0.252548,-0.0238513,0.96729,-0.0139302,0.999503,0.0282825,-0.967484,-0.0206172,0.25209,
0.908798,-0.00213862,0.41723,-0.00130312,0.999967,0.00796399,-0.417234,-0.00778136,0.908766,
0.908205,-0.0178401,-0.418145,0.0105835,0.999751,-0.0196669,0.418392,0.0134361,0.908167,
0.257126,-0.0022428,-0.966375,-0.0190947,0.99979,-0.00740093,0.966189,0.0203556,0.257029,
343.847
2021-10-28-15-16-29:
377.604,0,240,0,377.604,135,0,0,1,
0.537905,0.817632,-0.205273,0.164308,-0.340517,-0.925771,-0.826838,0.464248,-0.317509,
0.619816,0.0472393,0.783324,-0.13095,0.990417,0.0438876,-0.773744,-0.129778,0.620062,
0.995334,0.0329398,0.0906967,-0.0417697,0.994383,0.0972468,-0.0869839,-0.100581,0.991119,
0.74272,0.0338115,-0.668748,0.0462587,0.993747,0.101619,0.668003,-0.10641,0.736512,
368.21
2021-10-28-15-17-09:
392.741,0,240,0,392.741,135,0,0,1,
0.403212,0.00681983,0.915081,0.0122427,0.999843,-0.012846,-0.915025,0.0163827,0.403066,
0.924194,0.00944839,0.381807,-0.0121725,0.999915,0.00472002,-0.38173,-0.00900976,0.92423,
0.927274,-0.00904756,-0.374275,0.00463678,0.999909,-0.0126837,0.374356,0.0100258,0.927231,
0.385512,-0.0128703,-0.922613,0.00522379,0.999917,-0.0117659,0.922688,-0.000283645,0.385547,
381.848
2021-10-28-15-19-48:
372.158,0,240,0,372.158,135,0,0,1,
0.358777,0.00662914,0.9334,0.00824649,0.999913,-0.0102713,-0.933387,0.0113824,0.358691,
0.919352,0.0077487,0.39336,-0.0126233,0.999872,0.00980675,-0.393233,-0.0139814,0.919332,
0.921478,-0.0129757,-0.388214,0.00981332,0.9999,-0.0101275,0.388307,0.00552261,0.921513,
0.345095,-0.0065071,-0.938545,-0.00114782,0.999972,-0.00735502,0.938567,0.00361546,0.345078,
367.036
2021-10-28-15-19-57:
379.423,0,240,0,379.423,135,0,0,1,
0.372874,0.00827516,0.927845,0.0104514,0.999859,-0.0131176,-0.927823,0.0145885,0.372735,
0.920424,0.00980584,0.390798,-0.0132811,0.999893,0.00619107,-0.390695,-0.0108886,0.920456,
0.923483,-0.0126071,-0.383433,0.00850673,0.999887,-0.0123878,0.383545,0.00817813,0.923486,
0.353939,-0.0104428,-0.93521,0.00133158,0.999942,-0.0106617,0.935268,0.00252827,0.353933,
370.545
2021-10-28-15-22-44:
391.229,0,240,0,391.229,135,0,0,1,
0.399425,0.0430299,0.915756,0.0312479,0.997678,-0.0605086,-0.916233,0.052784,0.397152,
0.921227,0.0476844,0.386093,-0.034018,0.998532,-0.042156,-0.387536,0.0257012,0.921496,
0.925522,-0.0360177,-0.376978,0.0163138,0.998335,-0.0553319,0.378343,0.0450609,0.924568,
0.375524,-0.0599632,-0.924871,0.010008,0.998109,-0.0606479,0.926759,0.0135186,0.375414,
388.137
2021-10-28-15-26-32:
399.121,0,240,0,399.121,135,0,0,1,
0.414756,0.0218559,0.90967,0.00426228,0.999654,-0.0259612,-0.909923,0.0146448,0.414519,
0.925576,0.0138447,0.378308,-0.0125784,0.999904,-0.00581814,-0.378352,0.000626617,0.925662,
0.929405,-0.0215589,-0.368431,0.0132782,0.9996,-0.0249962,0.368823,0.0183395,0.929319,
0.392568,-0.0180177,-0.919547,-0.00628248,0.999732,-0.0222709,0.919702,0.0145199,0.392349,
383.101
2021-10-28-15-26-45:
374.823,0,240,0,374.823,135,0,0,1,
0.349194,0.0192877,0.936852,-0.00300374,0.999806,-0.0194642,-0.937046,0.00398273,0.349184,
0.91492,0.0120248,0.403457,-0.0161853,0.999845,0.00690365,-0.403312,-0.0128463,0.914972,
0.920393,-0.0286718,-0.389943,0.0238653,0.999568,-0.0171667,0.390266,0.00649405,0.920679,
0.311101,-0.00443168,-0.950367,-0.0196344,0.999746,-0.0110892,0.950174,0.0221097,0.310935,
353.88
2021-10-28-16-03-47:
345.73,0,240,0,345.73,135,0,0,1,
0.625475,0.0520757,0.778504,0.0877576,0.986744,-0.136512,-0.775293,0.153705,0.612613,
0.999302,0.0221774,0.0300727,-0.0174602,0.988694,-0.148928,-0.0330355,0.148299,0.988391,
0.663764,-0.00131377,-0.74794,-0.119628,0.986938,-0.107898,0.738313,0.161093,0.654937,
0.256591,-0.964616,-0.0606366,0.163538,0.105163,-0.980916,0.952584,0.241777,0.184735,
334.426
2021-10-28-16-04-03:
344.635,0,240,0,344.635,135,0,0,1,
0.370267,-0.0322432,0.928366,-0.112013,0.990555,0.0790781,-0.922147,-0.133269,0.363158,
0.94638,-0.0614188,0.317162,0.0163676,0.989616,0.142801,-0.32264,-0.129953,0.937558,
0.845277,-0.0848475,-0.527549,0.13147,0.989985,0.0514283,0.517902,-0.112828,0.847966,
0.447844,-0.532862,-0.717979,-0.190119,0.727892,-0.658807,0.873665,0.431545,0.224675,
329.627
2021-10-28-16-04-51:
367.731,0,240,0,367.731,135,0,0,1,
0.330042,0.0206139,0.943741,0.0207549,0.999361,-0.0290871,-0.943738,0.0291872,0.329403,
0.909316,0.0206148,0.415596,-0.0170983,0.99978,-0.0121814,-0.415756,0.00397078,0.909468,
0.916714,-0.01805,-0.399137,0.0063609,0.999512,-0.0305913,0.399494,0.0255046,0.916381,
0.277154,-0.0346498,-0.960201,0.0103432,0.999399,-0.0330789,0.96077,-0.000763579,0.277346,
344.891
2021-10-28-16-08-18:
354.762,0,240,0,354.762,135,0,0,1,
0.221594,-0.087289,0.971224,0.0364319,0.996031,0.0812062,-0.974458,0.0173887,0.223895,
0.864787,-0.0888123,0.494222,0.0722686,0.996001,0.0525273,-0.496911,-0.00970822,0.867747,
0.862155,0.0916489,-0.498287,-0.0535874,0.994482,0.090194,0.503803,-0.0510593,0.862308,
-0.239121,0.0861633,-0.967159,0.101913,0.992781,0.0632489,0.965627,-0.0834421,-0.246176,
203.502
2021-10-28-16-08-36:
360.136,0,240,0,360.136,135,0,0,1,
0.282417,0.0447218,0.958249,-0.0021933,0.99894,-0.0459744,-0.959289,0.0108822,0.282216,
0.905998,0.0149288,0.42302,-0.00434091,0.999653,-0.0259816,-0.423261,0.021703,0.905748,
0.9093,-0.0270479,-0.41526,0.00699616,0.998738,-0.049733,0.416082,0.042317,0.908342,
0.255288,-0.0407006,-0.966008,-0.00708733,0.999008,-0.043964,0.966839,0.0180699,0.254746,
339.919
2021-10-28-16-11-52:
370.543,0,240,0,370.543,135,0,0,1,
0.461647,-0.0396271,0.886178,0.244136,0.966098,-0.08398,-0.852807,0.255117,0.455671,
0.95742,-0.0351681,0.28655,0.0987916,0.972541,-0.210723,-0.27127,0.230059,0.934604,
0.449335,-0.738244,-0.503085,-0.442116,-0.673099,0.59285,-0.776294,-0.0439663,-0.628836,
-0.0790394,-0.738465,-0.669643,0.109208,-0.674116,0.730508,-0.990871,-0.0153918,0.133928,
376.482
2021-10-28-16-12-27:
384.949,0,240,0,384.949,135,0,0,1,
0.363334,0.019908,0.931446,0.0107064,0.999616,-0.0255413,-0.931597,0.0192524,0.362982,
0.910942,0.0209795,0.412001,-0.0215833,0.999762,-0.00318784,-0.41197,-0.00598837,0.911178,
0.918944,-0.0276587,-0.393416,0.0195182,0.999505,-0.0246782,0.393904,0.0149992,0.919029,
0.311437,-0.021145,-0.950031,-0.006952,0.999675,-0.0245289,0.950241,0.0142439,0.311189,
352.782
2021-10-28-16-13-41:
282.762,0,240,0,282.762,135,0,0,1,
-0.578991,0.811188,0.0821134,-0.159514,-0.211465,0.964281,0.799578,0.545212,0.251832,
-0.597973,0.705775,0.379881,0.251798,-0.284542,0.925004,0.760938,0.648781,-0.00756464,
0.980626,-0.0770459,0.180101,0.114562,0.971345,-0.20824,-0.158896,0.224838,0.961353,
0.761092,-0.0919385,-0.642095,-0.0711229,0.972107,-0.223495,0.644733,0.215768,0.733324,
341.614
2021-10-28-16-14-48:
383.233,0,240,0,383.233,135,0,0,1,
0.341613,0.0116783,0.939768,0.00733097,0.999859,-0.0150899,-0.939812,0.0120443,0.341479,
0.921852,0.00678838,0.387482,-0.00879988,0.999955,0.0034172,-0.387442,-0.00655995,0.921871,
0.922468,-0.0108046,-0.385922,0.00556117,0.999876,-0.0147005,0.386033,0.0114146,0.922414,
0.337321,-0.0107252,-0.941329,0.00141642,0.99994,-0.0108855,0.941389,0.00233858,0.337316,
369.922
2021-10-28-16-15-45:
374.916,0,240,0,374.916,135,0,0,1,
0.349848,0.0165244,0.936661,0.0125494,0.999672,-0.0223233,-0.936723,0.0195643,0.349525,
0.913885,0.0115792,0.405808,-0.0100632,0.999932,-0.00586927,-0.405848,0.00128011,0.913939,
0.922013,-0.00907575,-0.387052,0.00303906,0.999864,-0.0162058,0.387147,0.0137657,0.921915,
0.294861,-0.0153748,-0.955416,0.00679696,0.999879,-0.0139927,0.955516,-0.00236801,0.29493,
355.681
2021-11-03-10-26-33:
275.325,0,240,0,275.325,135,0,0,1,
0.328746,-0.0438868,0.943398,-0.0556527,0.996284,0.0657403,-0.942777,-0.0741145,0.325082,
0.899187,-0.000877773,0.437564,0.0417541,0.995607,-0.0838069,-0.435568,0.0936281,0.895274,
0.907378,-0.0388067,-0.41852,-0.0126077,0.992768,-0.119387,0.420126,0.113606,0.900326,
0.260035,-0.078026,-0.962442,-0.0300317,0.995594,-0.0888278,0.965132,0.0520021,0.256546,
339.691
2021-11-03-10-26-45:
276.027,0,240,0,276.027,135,0,0,1,
0.464216,0.525647,0.71288,0.185452,0.729335,-0.658543,-0.866089,0.437911,0.241087,
0.853491,0.0901125,0.513257,-0.125393,0.991509,0.0344359,-0.505796,-0.0937495,0.857544,
0.948719,0.0523529,-0.311757,-0.0277882,0.996185,0.0827246,0.314898,-0.0698192,0.946554,
0.404849,0.00232794,-0.914381,0.116822,0.99167,0.0542487,0.90689,-0.128783,0.401205,
352.67
2021-11-03-10-26-59:
243.311,0,240,0,243.311,135,0,0,1,
0.201411,0.0238578,0.979216,-0.0282764,0.999428,-0.0185342,-0.979099,-0.0239557,0.201971,
0.90759,0.00839894,0.419774,0.0233536,0.997242,-0.0704456,-0.419208,0.073739,0.904891,
0.900926,-0.029329,-0.432981,-0.0138002,0.995273,-0.0961319,0.433754,0.0925829,0.896262,
0.249401,-0.0680071,-0.966009,-0.0122992,0.997228,-0.0733802,0.968322,0.0301822,0.247873,
341.768
2021-11-03-10-27-16:
284.708,0,240,0,284.708,135,0,0,1,
0.347091,0.206804,0.914746,0.0843926,0.964539,-0.250084,-0.934026,0.164,0.317331,
0.8971,0.0436008,0.43967,-0.0445332,0.998974,-0.00820009,-0.439577,-0.0122236,0.898122,
0.915681,0.00784626,-0.40183,-0.0103551,0.999938,-0.00407187,0.401773,0.00788952,0.915705,
0.302051,-0.0366643,-0.952586,0.0666797,0.997625,-0.0172546,0.950957,-0.0583064,0.303779,
347.931
2021-11-03-10-27-41:
365.228,0,240,0,365.228,135,0,0,1,
0.136445,0.0747788,0.987821,0.0724412,0.993724,-0.0852317,-0.987996,0.0831883,0.130171,
0.806895,0.0663654,0.586955,-0.0118694,0.995289,-0.0962178,-0.590575,0.0706708,0.803882,
-0.104787,-0.065609,-0.992328,-0.0707073,-0.994805,0.0732392,-0.991978,0.0778394,0.0996037,
-0.810355,-0.0638653,-0.582448,0.00952184,-0.995346,0.0958919,-0.585862,0.0721606,0.807192,
363.461
2021-11-03-10-27-54:
340.07,0,240,0,340.07,135,0,0,1,
0.25886,0.0163414,0.965777,0.0109105,0.999744,-0.0198405,-0.965853,0.015673,0.258615,
0.905154,0.00587935,0.425044,-0.00161367,0.999945,-0.0103952,-0.425082,0.00872335,0.905113,
0.908611,-0.00770568,-0.417573,-0.00453086,0.999589,-0.0283047,0.41762,0.02761,0.908202,
0.228218,-0.0265715,-0.973247,0.0120634,0.999628,-0.0244629,0.973535,-0.00615779,0.228454,
331.705
2021-11-03-10-28-15:
373.198,0,240,0,373.198,135,0,0,1,
0.351086,0.0311511,0.935825,0.0083136,0.999303,-0.0363831,-0.936306,0.0205537,0.350583,
0.918278,0.0143047,0.395678,-0.00508449,0.999691,-0.0243414,-0.395904,0.0203403,0.918067,
0.921883,-0.0164152,-0.387119,-0.000306834,0.999071,-0.0430946,0.387467,0.039847,0.921022,
0.326274,-0.0410533,-0.944383,0.00623105,0.999128,-0.0412804,0.945255,0.00758424,0.326246,
366.763
2021-11-03-10-33-33:
373.512,0,240,0,373.512,135,0,0,1,
0.353715,0.00678775,0.935329,0.00808003,0.999914,-0.0103121,-0.935318,0.011205,0.35363,
0.916366,0.00852274,0.400251,-0.0118096,0.999914,0.00574613,-0.400167,-0.00999235,0.916388,
0.920463,-0.0134506,-0.390598,0.00889388,0.99987,-0.0134726,0.390729,0.00892709,0.920462,
0.326945,-0.0108908,-0.944981,-0.000680958,0.999931,-0.0117597,0.945043,0.00448828,0.326915,
359.882
2021-11-03-10-34-45:
376.438,0,240,0,376.438,135,0,0,1,
0.599355,0.793262,0.107277,-0.436391,0.211447,0.874559,0.671071,-0.570986,0.472904,
0.480679,0.814669,-0.32444,0.297559,0.196499,0.934262,0.824867,-0.545621,-0.14796,
0.200913,-0.899162,-0.38877,-0.168541,-0.422673,0.890473,-0.965001,-0.113384,-0.236466,
0.782326,0.144262,0.605933,0.194784,0.867355,-0.457989,-0.591629,0.476323,0.650455,
317.383
2021-11-03-10-35-43:
366.483,0,240,0,366.483,135,0,0,1,
0.338888,0.00692853,0.940801,0.0118598,0.999862,-0.0116355,-0.940752,0.0151009,0.338759,
0.914574,0.010594,0.40428,-0.013113,0.999908,0.00346241,-0.404206,-0.00846793,0.914629,
0.918605,-0.0128465,-0.394969,0.0076713,0.999863,-0.0146793,0.395103,0.0104545,0.918577,
0.311612,-0.0135903,-0.950112,0.00297402,0.999907,-0.0133271,0.950205,0.00132726,0.311624,
355.642
2021-11-03-10-38-31:
355.48,0,240,0,355.48,135,0,0,1,
0.314907,-0.00584436,0.949105,0.0165904,0.999862,0.000652313,-0.948978,0.0155406,0.31496,
0.912724,0.00526559,0.408542,-0.011727,0.999843,0.0133127,-0.408407,-0.0169418,0.912643,
0.913374,-0.0036417,-0.407106,0.00243476,0.999991,-0.00348264,0.407115,0.00218978,0.913374,
0.310557,-0.00517522,-0.950541,0.0104822,0.999943,-0.00201946,0.950497,-0.00933653,0.310593,
346.783
2021-11-03-10-44-59:
369.77,0,240,0,369.77,135,0,0,1,
0.348714,0.0133359,0.937134,0.0102821,0.999784,-0.0180534,-0.937173,0.0159312,0.348502,
0.91643,0.0128462,0.399989,-0.0131914,0.999911,-0.00189004,-0.399978,-0.00354433,0.916518,
0.919961,-0.0163234,-0.39167,0.00892041,0.999746,-0.0207135,0.391909,0.0155617,0.919873,
0.325226,-0.0186101,-0.945453,0.000913546,0.999812,-0.0193659,0.945636,0.00543457,0.325181,
361.213
2021-11-03-10-58-05:
363.169,0,240,0,363.169,135,0,0,1,
0.326359,0.0104068,0.945189,0.00834752,0.999869,-0.0138911,-0.945209,0.0124235,0.326229,
0.913041,0.0103612,0.407735,-0.0126549,0.999915,0.00292878,-0.40767,-0.00783395,0.913095,
0.916312,-0.0163547,-0.400131,0.0100911,0.999791,-0.0177558,0.400338,0.012232,0.916286,
0.303225,-0.0155248,-0.952792,-0.00137351,0.999859,-0.0167288,0.952918,0.00638126,0.303161,
352.823
2021-11-03-10-58-18:
370.342,0,240,0,370.342,135,0,0,1,
0.346203,0.00392596,0.938151,0.00735053,0.999949,-0.00689712,-0.938131,0.00928371,0.346157,
0.915787,0.00430412,0.40164,-0.00860975,0.999923,0.00891572,-0.401571,-0.0116229,0.915754,
0.919462,-0.00883977,-0.39308,0.0053077,0.999935,-0.0100717,0.393143,0.00717416,0.919449,
0.321985,-0.00791493,-0.946712,0.00142759,0.999968,-0.00787465,0.946744,0.00118399,0.321986,
357.781
2021-11-03-10-59-57:
363.768,0,240,0,363.768,135,0,0,1,
0.33421,0.00713257,0.942472,0.00733417,0.999921,-0.0101681,-0.94247,0.0103105,0.334131,
0.914874,0.00612822,0.403694,-0.00929463,0.999939,0.00588456,-0.403633,-0.00913581,0.914875,
0.917827,-0.0113177,-0.396819,0.00636568,0.999885,-0.0137943,0.396929,0.0101348,0.917793,
0.314025,-0.0114011,-0.949346,0.000667755,0.99993,-0.0117877,0.949414,0.0030677,0.314011,
356.346
2021-11-03-11-12-44:
382.293,0,240,0,382.293,135,0,0,1,
0.381333,0.0165675,0.924289,0.0096743,0.999713,-0.0219108,-0.924387,0.0172972,0.381063,
0.920451,0.0156689,0.390545,-0.0151247,0.999876,-0.00446929,-0.390566,-0.0017931,0.920573,
0.924764,-0.0195987,-0.380036,0.0116348,0.999662,-0.0232417,0.380363,0.0170714,0.92468,
0.354587,-0.0204887,-0.934798,-0.00148638,0.999746,-0.022476,0.935022,0.00935917,0.354467,
369.67
2021-11-03-11-13-58:
387.036,0,240,0,387.036,135,0,0,1,
0.393819,0.0193279,0.918985,0.0115471,0.999596,-0.0259717,-0.919116,0.0208397,0.393436,
0.921241,0.0214364,0.388402,-0.0196922,0.99977,-0.00847105,-0.388494,0.000155376,0.921451,
0.926279,-0.0236202,-0.376096,0.0159597,0.999597,-0.0234716,0.376499,0.0157388,0.926283,
0.363677,-0.0209157,-0.93129,-0.00327008,0.999713,-0.0237294,0.931519,0.0116752,0.363504,
372.609
2021-11-03-11-18-12:
379.292,0,240,0,379.292,135,0,0,1,
0.369404,0.00151666,0.929268,0.00321332,0.999991,-0.00290946,-0.929263,0.0040608,0.369396,
0.91865,0.00123698,0.395071,-0.00701107,0.999889,0.013172,-0.395011,-0.0148703,0.918556,
0.924209,-0.00867194,-0.381789,0.00656241,0.999955,-0.00682711,0.381831,0.00380421,0.924224,
0.334061,-0.00171052,-0.94255,-0.00242864,0.999994,-0.00267553,0.942548,0.00318291,0.334055,
367.677
2021-11-03-11-20-09:
465.716,0,240,0,465.716,135,0,0,1,
0.915758,-0.0278354,0.400765,0.0257821,0.999612,0.0105162,-0.400902,0.000702266,0.916121,
0.973887,-0.00575271,-0.226961,0.00834101,0.999911,0.0104467,0.226881,-0.012067,0.973848,
0.941986,0.0126644,0.335412,-0.0305367,0.998378,0.0480643,-0.334259,-0.0555182,0.940845,
0.859713,0.0399019,-0.509216,-0.00345262,0.997375,0.0723247,0.510765,-0.0604204,0.857595,
338.29
2021-11-03-11-22-58:
376.052,0,240,0,376.052,135,0,0,1,
0.910726,-0.203102,0.359622,0.348229,0.845788,-0.404202,-0.22207,0.493348,0.841007,
0.896706,-0.193111,-0.398279,-0.0463725,0.85387,-0.518416,0.440191,0.483336,0.756716,
0.906338,0.187313,0.378767,-0.335346,0.864223,0.375049,-0.257088,-0.466939,0.846093,
0.926004,0.163833,-0.34011,0.0306453,0.865327,0.50027,0.376268,-0.473675,0.796275,
411.339
2021-11-03-11-24-04:
416.221,0,240,0,416.221,135,0,0,1,
0.437864,0.051451,0.897568,-0.0099134,0.998577,-0.052405,-0.898986,0.0140483,0.437751,
0.927642,0.0153103,0.373157,-0.00237401,0.999381,-0.0351021,-0.373463,0.0316763,0.927104,
0.929993,-0.0349382,-0.365912,0.014683,0.998209,-0.0579937,0.367283,0.048561,0.928841,
0.423941,-0.0398495,-0.904813,-0.0167762,0.998515,-0.0518366,0.905534,0.037155,0.422643,
402.503
2021-11-04-10-57-05:
380.504,0,240,0,380.504,135,0,0,1,
0.367467,0.0276173,0.929626,-0.0178509,0.999584,-0.0226394,-0.929865,-0.00827545,0.367807,
0.917486,0.00173949,0.397765,-0.00151072,0.999999,-0.000888522,-0.397766,0.000214297,0.917487,
0.921658,-0.0296095,-0.386873,0.0181164,0.999281,-0.0333212,0.387581,0.023702,0.921531,
0.339697,-0.00564943,-0.940518,-0.0257627,0.999551,-0.015309,0.940182,0.0294307,0.339399,
360.375
2021-11-04-10-57-23:
368.492,0,240,0,368.492,135,0,0,1,
0.350087,0.0357169,0.936036,-0.00758009,0.999348,-0.0352977,-0.936686,0.00526203,0.35013,
0.919214,0.0181567,0.393339,-0.0145775,0.999821,-0.0120852,-0.393488,0.00537497,0.919314,
0.91872,-0.0424308,-0.392624,0.0270056,0.998634,-0.0447305,0.393986,0.0304918,0.91861,
0.349384,-0.0207226,-0.936751,-0.0250639,0.999191,-0.0314521,0.936644,0.0344675,0.348581,
367.433
2021-11-04-10-58-10:
345.675,0,240,0,345.675,135,0,0,1,
0.275254,0.0306694,0.960882,-0.0130202,0.999518,-0.0281728,-0.961283,-0.0047562,0.27552,
0.905538,0.0170148,0.423923,-0.0200475,0.999795,0.00269494,-0.423791,-0.010939,0.905694,
0.910391,-0.0553727,-0.410027,0.0323932,0.997501,-0.0627857,0.412479,0.0438774,0.909909,
0.219885,-0.0381917,-0.974778,-0.035259,0.998269,-0.0470656,0.974888,0.0447187,0.218158,
319.951
2021-11-04-10-58-55:
354.245,0,240,0,354.245,135,0,0,1,
0.316474,0.0154937,0.948475,-0.0128531,0.999845,-0.0120443,-0.948514,-0.0083791,0.316624,
0.913012,-0.00234053,0.407925,-0.00178186,0.999951,0.00972551,-0.407928,-0.00960638,0.912963,
0.915053,-0.020533,-0.402811,0.0124083,0.999664,-0.0227697,0.403143,0.0158373,0.915,
0.30111,0.000558959,-0.953589,-0.0187964,0.999809,-0.00534921,0.953404,0.0195348,0.301063,
347.291
2021-11-04-11-02-21:
356.451,0,240,0,356.451,135,0,0,1,
0.345808,0.027185,0.937912,-0.000615149,0.999587,-0.0287458,-0.938305,0.00936355,0.345681,
0.926009,-0.00408553,0.37748,0.0122873,0.999738,-0.0193221,-0.377302,0.0225307,0.925816,
0.92024,-0.00699799,-0.391292,-0.0168929,0.998198,-0.0575809,0.390989,0.0595983,0.918464,
0.37992,-0.0412251,-0.9241,0.0115291,0.99914,-0.0398328,0.924947,0.0044793,0.380069,
397.472
2021-11-04-11-05-27:
356.302,0,240,0,356.302,135,0,0,1,
0.326402,0.046203,0.944101,-0.0100288,0.998918,-0.0454184,-0.945178,0.00535641,0.326512,
0.915474,0.0235036,0.401691,-0.0171827,0.999665,-0.0193318,-0.402011,0.0107956,0.915571,
0.912451,-0.0526673,-0.405783,0.032564,0.997883,-0.056293,0.407889,0.0381507,0.912234,
0.339349,-0.0349957,-0.940009,-0.0315586,0.998322,-0.0485595,0.940131,0.046144,0.337675,
355.217
2021-11-04-11-09-21:
394.923,0,240,0,394.923,135,0,0,1,
0.369949,0.0473505,0.927845,-0.0180136,0.998878,-0.0437932,-0.928877,-0.000512599,0.370387,
0.908347,0.0109044,0.418076,-0.00173601,0.99975,-0.022304,-0.418215,0.019534,0.908138,
0.921111,-0.0343543,-0.38778,0.0166975,0.998668,-0.0488121,0.388941,0.0384865,0.920458,
0.285548,-0.0207018,-0.958141,-0.0250021,0.999265,-0.0290416,0.958038,0.0322483,0.284821,
332.881
2021-11-04-11-12-55:
321.107,0,240,0,321.107,135,0,0,1,
0.202399,0.0136915,0.979207,0.0200455,0.999635,-0.0181205,-0.979098,0.0232962,0.202051,
0.897848,0.00162709,0.440302,0.00473421,0.9999,-0.0133488,-0.44028,0.0140697,0.89775,
0.898988,-0.00470854,-0.437949,-0.015224,0.999002,-0.0419913,0.437709,0.044417,0.898019,
0.186157,-0.043397,-0.981561,0.0288919,0.998834,-0.0386812,0.982095,-0.0211584,0.187193,
319.611
2021-11-04-11-14-46:
366.384,0,240,0,366.384,135,0,0,1,
0.349753,0.0123628,0.93676,-0.0173662,0.999826,-0.00671112,-0.936681,-0.0139208,0.349907,
0.920344,-0.0104073,0.39097,0.00637134,0.999912,0.0116187,-0.391057,-0.00820223,0.92033,
0.920215,-0.0158606,-0.391092,0.00693022,0.999682,-0.0242355,0.391352,0.0195915,0.920032,
0.350297,0.000669891,-0.936638,-0.0176057,0.999828,-0.00586935,0.936473,0.0185462,0.350249,
366.244
2021-11-04-11-16-48:
277.112,0,240,0,277.112,135,0,0,1,
0.0939887,0.063403,0.993552,-0.0443649,0.997245,-0.0594418,-0.994584,-0.038492,0.0965427,
0.895208,-0.00625297,0.445605,0.0200799,0.999452,-0.026315,-0.445196,0.0325051,0.894843,
0.892092,-0.0202778,-0.451398,-0.0101128,0.997846,-0.0648114,0.45174,0.0623826,0.889966,
0.154316,-0.0227514,-0.98776,-0.0310033,0.999131,-0.0278569,0.987535,0.0349226,0.153476,
308.805
2021-11-04-11-17-01:
350.832,0,240,0,350.832,135,0,0,1,
0.314738,0.0275332,0.948779,-0.00824711,0.999621,-0.0262727,-0.949143,0.000444357,0.314846,
0.913883,-0.00113819,0.405976,0.00610843,0.999921,-0.0109472,-0.405932,0.0124843,0.913818,
0.914543,-0.0157615,-0.404182,-0.00158913,0.999093,-0.0425565,0.404486,0.039562,0.913688,
0.309842,-0.0202084,-0.950573,-0.00494887,0.999726,-0.0228664,0.950775,0.0117893,0.309657,
349.011
2021-11-04-11-17-15:
346.16,0,240,0,346.16,135,0,0,1,
0.292399,0.0274404,0.955903,-0.000115568,0.999589,-0.0286591,-0.956296,0.0082694,0.292282,
0.910036,0.00474388,0.414502,0.00123538,0.999899,-0.0141559,-0.414527,0.0133944,0.909938,
0.911068,-0.016912,-0.41191,-0.00153263,0.999012,-0.0444068,0.412254,0.0410889,0.910142,
0.283857,-0.0267121,-0.958494,0.00107794,0.99962,-0.027539,0.958866,0.00678395,0.283778,
340.875
2021-11-04-11-22-22:
354.867,0,240,0,354.867,135,0,0,1,
0.301857,0.0543989,0.9518,0.00644369,0.998231,-0.0590962,-0.953331,0.0239717,0.300972,
0.908509,0.0428517,0.415662,-0.0318099,0.998934,-0.033456,-0.416653,0.0171729,0.908904,
0.910948,-0.059377,-0.408226,0.0366599,0.997324,-0.0632562,0.410889,0.0426576,0.910687,
0.27886,-0.0458558,-0.959236,-0.0230966,0.99825,-0.0544353,0.960054,0.0373349,0.277313,
346.068
2021-11-12-14-19-00:
381.599,0,240,0,381.599,135,0,0,1,
0.382247,0.0165109,0.923913,-0.0140019,0.999829,-0.0120746,-0.923954,-0.00832103,0.382412,
0.923134,-0.00191782,0.384475,-0.000958535,0.999973,0.00728948,-0.384478,-0.0070977,0.923107,
0.924283,-0.0245451,-0.380919,0.0150583,0.999498,-0.0278661,0.381411,0.0200202,0.924189,
0.373891,-0.00266074,-0.927469,-0.020544,0.999727,-0.0111499,0.927245,0.0232228,0.373734,
375.324
2021-11-12-14-19-19:
371.174,0,240,0,371.174,135,0,0,1,
0.353473,0.0158034,0.935311,-0.0119856,0.999852,-0.0123643,-0.935368,-0.0068398,0.35361,
0.919512,-0.000140353,0.393062,-0.00335384,0.999961,0.00820289,-0.393047,-0.00886092,0.919475,
0.920172,-0.0242761,-0.390761,0.0154404,0.999549,-0.0257379,0.39121,0.0176498,0.920132,
0.347678,-0.00190859,-0.937612,-0.0198096,0.99976,-0.00938076,0.937405,0.0218352,0.347557,
365.559
2021-11-12-14-19-54:
387.178,0,240,0,387.178,135,0,0,1,
0.396651,0.0192035,0.917769,-0.0179884,0.999752,-0.0131444,-0.917793,-0.0112955,0.396898,
0.925314,-0.00693517,0.379139,0.005335,0.999972,0.00527096,-0.379165,-0.00285458,0.925324,
0.926645,-0.0206216,-0.37537,0.0108084,0.999543,-0.0282297,0.375781,0.0221017,0.926445,
0.388279,-0.00277521,-0.921537,-0.0201324,0.999731,-0.0114933,0.921322,0.0230154,0.388119,
387.721
2021-11-12-14-32-47:
360.831,0,240,0,360.831,135,0,0,1,
0.326979,0.0277313,0.944625,-0.00826324,0.999615,-0.0264853,-0.944996,0.000854484,0.327082,
0.915182,0.0102686,0.40291,-0.00942586,0.999947,-0.00407453,-0.402931,-6.88357e-05,0.91523,
0.916434,-0.0335267,-0.398778,0.0193881,0.999034,-0.0394364,0.399715,0.0284093,0.916199,
0.315612,-0.0158031,-0.948757,-0.0204038,0.999517,-0.0234361,0.948669,0.0267549,0.315137,
353.776
2021-11-12-14-34-05:
354.538,0,240,0,354.538,135,0,0,1,
0.306706,0.0287423,0.95137,-0.0287535,0.999367,-0.0209228,-0.95137,-0.0209381,0.307338,
0.911677,-0.00306657,0.410895,0.000804007,0.999983,0.00567911,-0.410906,-0.00484716,0.911665,
0.914086,-0.0325445,-0.404213,0.0204025,0.999203,-0.0343109,0.405008,0.0231161,0.914021,
0.286589,0.00138543,-0.958053,-0.0368604,0.999274,-0.00958128,0.957344,0.0380601,0.286432,
345.853
2021-11-12-14-38-59:
364.495,0,240,0,364.495,135,0,0,1,
0.341701,0.0237594,0.939508,-0.0237124,0.99958,-0.0166543,-0.93951,-0.0165872,0.342121,
0.917314,-0.00207269,0.398158,-0.0013642,0.999964,0.00834847,-0.398161,-0.00820134,0.917279,
0.918987,-0.0319174,-0.392993,0.0220941,0.999321,-0.0294954,0.393668,0.018423,0.919068,
0.327995,0.00339406,-0.944673,-0.0333858,0.999411,-0.008001,0.944089,0.0341629,0.327915,
359.492
2021-11-12-14-47-22:
367.167,0,240,0,367.167,135,0,0,1,
0.346747,0.0273577,0.937559,-0.0150295,0.999608,-0.0236098,-0.937838,-0.0059044,0.347023,
0.917782,0.00558625,0.397046,-0.00575332,0.999983,-0.000770338,-0.397044,-0.00157733,0.917798,
0.919361,-0.0333723,-0.391997,0.0208829,0.999131,-0.0360828,0.39286,0.0249871,0.919259,
0.33375,-0.00994724,-0.942609,-0.026089,0.999464,-0.0197846,0.9423,0.0311948,0.333312,
360.336
2021-11-12-15-04-19:
371.093,0,240,0,371.093,135,0,0,1,
0.359828,0.0282155,0.932592,-0.0160698,0.999582,-0.024042,-0.93288,-0.00633557,0.360131,
0.920362,0.000962814,0.391066,0.000494618,0.999993,-0.00362608,-0.391067,0.00353073,0.920355,
0.921458,-0.0277068,-0.38749,0.014029,0.999176,-0.0380832,0.388226,0.029656,0.921087,
0.351382,-0.0109155,-0.936168,-0.0216288,0.99957,-0.019773,0.935982,0.0271961,0.350995,
367.166
2021-11-12-15-05-45:
383.394,0,240,0,383.394,135,0,0,1,
0.387892,0.0131705,0.921611,-0.0128651,0.999878,-0.00887426,-0.921615,-0.00841438,0.388014,
0.923741,-0.00639343,0.382963,0.00367067,0.999963,0.00784001,-0.382999,-0.00583641,0.92373,
0.925561,-0.0165799,-0.378236,0.00758112,0.999652,-0.0252681,0.378523,0.0205197,0.925364,
0.376688,-0.00212964,-0.926338,-0.0143813,0.999864,-0.00814671,0.926229,0.0163907,0.376606,
376.629
2021-11-12-15-06-27:
360.145,0,240,0,360.145,135,0,0,1,
0.327336,0.0374064,0.944167,-0.0268623,0.999181,-0.030273,-0.944526,-0.015453,0.328072,
0.915269,-0.00308749,0.402832,0.00664786,0.99995,-0.00744043,-0.402789,0.00948797,0.915244,
0.916493,-0.0302607,-0.398904,0.0131856,0.998878,-0.0454803,0.399832,0.0364226,0.915864,
0.317735,-0.012617,-0.948096,-0.0295092,0.999295,-0.0231878,0.94772,0.0353451,0.317139,
355.152
2021-11-12-15-10-55:
353.476,0,240,0,353.476,135,0,0,1,
0.309859,0.0251191,0.950451,-0.0115108,0.999677,-0.0226675,-0.950713,-0.0039167,0.310047,
0.912656,0.00334735,0.408714,-0.00258915,0.999994,-0.00240833,-0.408719,0.00113976,0.912659,
0.914186,-0.0262338,-0.404445,0.0122676,0.999237,-0.037085,0.405109,0.028941,0.91381,
0.297287,-0.0114347,-0.95472,-0.0177782,0.999689,-0.0175091,0.954623,0.0221784,0.296991,
347.368
2021-11-12-15-13-12:
380.934,0,240,0,380.934,135,0,0,1,
0.38931,0.022967,0.920821,-0.012072,0.99973,-0.0198313,-0.921028,-0.00339559,0.389482,
0.924858,0.00111001,0.380311,-0.000718996,0.999999,-0.00117019,-0.380312,0.000808814,0.924858,
0.92541,-0.0251841,-0.378129,0.0131758,0.999324,-0.0343112,0.378738,0.0267698,0.925117,
0.384669,-0.00978,-0.923003,-0.0177509,0.999681,-0.0179903,0.922884,0.0233044,0.384373,
379.966
2021-11-12-15-20-44:
351.261,0,240,0,351.261,135,0,0,1,
0.306448,0.0202895,0.951671,-0.0111558,0.999781,-0.0177229,-0.951822,-0.0051855,0.306607,
0.912556,-0.00211669,0.408947,0.00171258,0.999998,0.00135434,-0.408949,-0.000535556,0.912557,
0.912786,-0.0189854,-0.407998,0.00641749,0.999462,-0.0321507,0.408389,0.0267284,0.912417,
0.304025,-0.00915632,-0.95262,-0.013163,0.999818,-0.0138109,0.952573,0.0167382,0.30385,
351.39
2021-11-12-15-25-02:
351.425,0,240,0,351.425,135,0,0,1,
0.30998,0.0271437,0.950356,-0.0117084,0.999626,-0.0247319,-0.950671,-0.00346071,0.310182,
0.912784,0.00760498,0.408373,-0.00768738,0.999969,-0.00143945,-0.408371,-0.00182541,0.912814,
0.914627,-0.0326033,-0.402982,0.0190233,0.99911,-0.0376569,0.403851,0.026776,0.914433,
0.293939,-0.0122459,-0.955746,-0.022974,0.999539,-0.0198727,0.955548,0.0277987,0.293522,
346.387
2021-11-17-10-09-34:
535.415,0,240,0,535.415,135,0,0,1,
0.634239,0.0188517,0.772907,-0.000513376,0.999713,-0.0239623,-0.773136,0.0148011,0.634067,
0.964047,0.00106504,0.26573,0.00316777,0.999875,-0.0154999,-0.265713,0.0157844,0.963923,
0.955347,-0.00552966,-0.295433,-0.00453679,0.999433,-0.0333772,0.29545,0.0332272,0.95478,
0.668789,-0.0192181,-0.743204,0.00240139,0.999716,-0.0236902,0.743448,0.014059,0.668646,
591.584
2021-11-17-15-49-36:
576.975,0,240,0,576.975,135,0,0,1,
0.678713,0.0200216,0.734131,-0.00553902,0.999739,-0.0221446,-0.734383,0.0109634,0.678647,
0.96881,0.00987268,0.247607,-0.00761752,0.99992,-0.0100642,-0.247687,0.00786412,0.968808,
0.960273,-0.0330038,-0.277102,0.0251901,0.999179,-0.0317113,0.277922,0.0234712,0.960317,
0.709556,-0.00435358,-0.704635,-0.0183919,0.999526,-0.0246959,0.704409,0.0304827,0.70914,
632.295
2021-11-17-16-13-45:
524.426,0,240,0,524.426,135,0,0,1,
0.617815,0.0229906,0.785987,-0.00321466,0.999638,-0.0267132,-0.786317,0.0139771,0.617665,
0.96194,0.0154058,0.272825,-0.0125565,0.999847,-0.0121864,-0.272971,0.00829688,0.961987,
0.952354,-0.0369065,-0.302753,0.0278814,0.99903,-0.0340797,0.303717,0.0240148,0.95246,
0.654454,-0.00807934,-0.756059,-0.0190821,0.999448,-0.0271979,0.755861,0.0322269,0.653938,
574.521
2021-11-17-16-14-13:
530.708,0,240,0,530.708,135,0,0,1,
0.628373,0.0306787,0.777307,-0.0041343,0.999339,-0.0360998,-0.777901,0.0194705,0.628085,
0.963434,0.0167811,0.26742,-0.0113466,0.999697,-0.0218544,-0.267705,0.018021,0.963332,
0.953518,-0.039613,-0.29872,0.0278723,0.998666,-0.0434635,0.300043,0.0331172,0.953351,
0.665795,-0.0138225,-0.746007,-0.0195965,0.999159,-0.0360025,0.745877,0.0385894,0.664964,
585.73
2021-11-17-16-14-39:
509.219,0,240,0,509.219,135,0,0,1,
0.595625,0.0275994,0.802788,-0.00465587,0.999512,-0.0309082,-0.803249,0.0146721,0.595463,
0.960011,0.0152512,0.279545,-0.0111792,0.999807,-0.016155,-0.279737,0.0123839,0.959997,
0.949253,-0.0387558,-0.312115,0.0278217,0.998836,-0.0394113,0.31328,0.0287277,0.949226,
0.637677,-0.0115798,-0.770217,-0.0202366,0.99929,-0.031778,0.770038,0.0358507,0.63699,
561.637
2021-11-17-16-15-08:
518.226,0,240,0,518.226,135,0,0,1,
0.614289,0.0280857,0.788581,-0.00312905,0.999445,-0.0331582,-0.789075,0.0179012,0.614036,
0.962211,0.0167518,0.271789,-0.0120467,0.999747,-0.018971,-0.272038,0.0149799,0.96217,
0.951988,-0.037972,-0.30377,0.0268416,0.998809,-0.0407344,0.304955,0.030625,0.951874,
0.653735,-0.0136524,-0.7566,-0.0184162,0.999254,-0.0339434,0.756499,0.0361238,0.652996,
576.104
2021-11-17-16-16-46:
550.05,0,240,0,550.05,135,0,0,1,
0.644802,0.0240308,0.763971,-0.00523271,0.999621,-0.0270267,-0.764332,0.0134292,0.644684,
0.964932,0.0129586,0.262181,-0.00971657,0.99986,-0.0136583,-0.262321,0.0106318,0.964922,
0.955645,-0.0370953,-0.292177,0.0274912,0.99894,-0.0369098,0.293237,0.0272403,0.955652,
0.67912,-0.00870477,-0.733976,-0.0199109,0.999343,-0.0302747,0.733757,0.0351743,0.678501,
599.161
2021-11-17-16-19-55:
491.564,0,240,0,491.564,135,0,0,1,
0.570724,0.0262661,0.820722,-0.00393507,0.999564,-0.0292533,-0.821133,0.013466,0.570579,
0.957026,0.0158734,0.289567,-0.0124706,0.99983,-0.0135927,-0.289734,0.00939749,0.957061,
0.94618,-0.0384958,-0.321344,0.0280722,0.99892,-0.0370099,0.322422,0.0259972,0.946239,
0.614363,-0.0110871,-0.788946,-0.0201523,0.999355,-0.0297369,0.788766,0.0341684,0.613743,
540.187
2021-11-17-16-20-17:
459.225,0,240,0,459.225,135,0,0,1,
0.531348,0.0328225,0.846517,-0.00252114,0.999306,-0.0371641,-0.84715,0.0176129,0.531062,
0.954056,0.0189339,0.299029,-0.013313,0.999695,-0.0208232,-0.299332,0.0158856,0.954017,
0.940948,-0.0397959,-0.336203,0.0265476,0.998683,-0.0439128,0.337508,0.0323943,0.940765,
0.587054,-0.018176,-0.809344,-0.0186334,0.99918,-0.0359549,0.809333,0.0361884,0.586234,
520.183
2021-11-17-16-20-50:
498.764,0,240,0,498.764,135,0,0,1,
0.586818,0.0272477,0.80926,-0.00350876,0.99951,-0.031109,-0.809711,0.0154158,0.586626,
0.959381,0.0176482,0.281562,-0.013977,0.999789,-0.0150421,-0.281768,0.0104957,0.959425,
0.94807,-0.0408088,-0.315434,0.0304122,0.998822,-0.0378141,0.316606,0.0262574,0.948194,
0.631395,-0.0106784,-0.775387,-0.0211668,0.999295,-0.0309981,0.775172,0.0359846,0.630724,
555.192
2021-11-17-16-23-28:
515.568,0,240,0,515.568,135,0,0,1,
0.609161,0.0294251,0.792501,-0.0049875,0.999434,-0.0332748,-0.793031,0.0163171,0.608963,
0.961903,0.0153508,0.272958,-0.0106777,0.99977,-0.0185975,-0.273181,0.0149744,0.961846,
0.950814,-0.0393445,-0.307252,0.0280358,0.99876,-0.0411352,0.30849,0.0304979,0.950739,
0.651893,-0.0125747,-0.758207,-0.0204753,0.999206,-0.0341758,0.758034,0.0378035,0.651118,
573.736
2021-11-17-16-28-20:
493.382,0,240,0,493.382,135,0,0,1,
0.574537,0.0245534,0.818111,-0.00382541,0.999619,-0.0273144,-0.81847,0.0125635,0.574412,
0.957664,0.0148965,0.287502,-0.0118755,0.999854,-0.0122492,-0.287642,0.00831639,0.957702,
0.946687,-0.0369272,-0.32003,0.0269925,0.999008,-0.0354251,0.321021,0.024898,0.946745,
0.618681,-0.00973268,-0.785582,-0.0193685,0.99943,-0.0276357,0.785403,0.0323132,0.61814,
543.618
2021-11-17-16-32-26:
376.378,0,240,0,376.378,135,0,0,1,
0.360522,0.0175047,0.932586,-0.0112035,0.999833,-0.0144358,-0.932683,-0.0052438,0.360658,
0.920069,0.00224342,0.391751,-0.00512986,0.999967,0.00632158,-0.391723,-0.00782591,0.92005,
0.920523,-0.0269102,-0.38976,0.0174921,0.999463,-0.0276937,0.390296,0.018675,0.9205,
0.355748,-0.00310128,-0.934577,-0.0206409,0.999724,-0.0111744,0.934354,0.0232658,0.355586,
373.855
2021-11-19-15-23-22:
550.299,0,240,0,550.299,135,0,0,1,
0.117693,0.931589,-0.343932,-0.13061,0.357852,0.924599,0.984423,-0.0638974,0.163792,
-0.196376,0.929959,-0.310826,0.282948,0.357259,0.890116,0.938817,0.0868496,-0.333287,
0.706479,0.0572362,0.705416,0.198805,0.940543,-0.275419,-0.679238,0.334818,0.653095,
0.997144,0.056011,-0.0506574,-0.0697144,0.940613,-0.332245,0.0290397,0.334828,0.941832,
365.305
2021-11-19-15-27-55:
383.333,0,240,0,383.333,135,0,0,1,
0.379884,0.0125498,0.924949,0.00799299,0.999826,-0.0168485,-0.925,0.0137936,0.379718,
0.92219,0.0117127,0.38656,-0.0122862,0.999924,-0.000987124,-0.386542,-0.00383904,0.922264,
0.922772,-0.0149865,-0.385056,0.00942089,0.999822,-0.0163367,0.385232,0.0114474,0.922749,
0.375922,-0.0191679,-0.926453,-0.00106296,0.999776,-0.0211163,0.926651,0.00892283,0.375817,
389.961
2021-11-19-15-36-50:
396.312,0,240,0,396.312,135,0,0,1,
0.406961,0.00634596,0.913423,0.00690546,0.999926,-0.0100236,-0.913419,0.0103868,0.406887,
0.925071,0.0064255,0.379741,-0.00872667,0.999953,0.00433872,-0.379695,-0.0073275,0.925083,
0.929357,-0.0100539,-0.369046,0.00518208,0.999886,-0.0141898,0.369147,0.011275,0.929303,
0.381772,-0.015993,-0.924118,0.00116977,0.999858,-0.0168205,0.924256,0.00534058,0.381737,
384.224
2021-11-19-15-40-34:
337.153,0,240,0,337.153,135,0,0,1,
