2021-10-27-16-30-42:
264.615,0,240,0,264.615,135,0,0,1,
0.536524,0.0149545,0.843752,-0.224925,0.966208,0.1259,-0.813358,-0.257329,0.521758,
0.929317,-0.0607842,0.364247,-0.0512092,0.955619,0.290122,-0.365716,-0.288268,0.88496,
0.875258,-0.0615291,-0.479726,0.184719,0.959212,0.213992,0.446992,-0.275913,0.850923,
-0.0221273,0.684929,-0.728273,-0.297833,0.690861,0.658793,0.954362,0.231481,0.188707,
350.735
2021-10-27-16-33-31:
478.125,0,240,0,478.125,135,0,0,1,
0.575463,0.134515,0.80669,0.0813502,0.972073,-0.220125,-0.813772,0.192298,0.548449,
0.96565,0.0718371,0.249718,-0.013445,0.973551,-0.228073,-0.259497,0.216882,0.941076,
0.874756,0.0675279,-0.479836,-0.167365,0.971405,-0.168405,0.454743,0.227621,0.861044,
0.619366,-0.532871,-0.576572,0.181755,0.811759,-0.554988,0.763775,0.238946,0.599628,
416.814
2021-10-27-16-37-02:
354.728,0,240,0,354.728,135,0,0,1,
0.294821,0.0130325,0.955464,-0.0128381,0.999871,-0.00967687,-0.955466,-0.00941337,0.294951,
0.903474,-0.0163861,0.428329,0.012452,0.999851,0.0119852,-0.428462,-0.00549471,0.903543,
0.904499,0.00405541,-0.426456,-0.00692791,0.999963,-0.00518467,0.426419,0.00764398,0.904493,
0.288619,0.0143422,-0.957337,-0.00415374,0.999897,0.0137276,0.957435,1.44989e-05,0.288649,
353.564
2021-10-27-16-37-21:
353.638,0,240,0,353.638,135,0,0,1,
0.285768,0.00884878,0.958258,-0.0116563,0.999915,-0.00575737,-0.958228,-0.00952447,0.285847,
0.901304,-0.0187992,0.43278,0.0148718,0.999812,0.0124582,-0.432933,-0.0047924,0.901414,
0.903212,0.00816497,-0.429116,-0.0111721,0.999927,-0.00448913,0.429048,0.00884875,0.903238,
0.272989,0.013536,-0.961922,6.5035e-05,0.999901,0.0140889,0.962017,-0.00390868,0.272961,
348.998
2021-10-27-16-43-08:
381.477,0,240,0,381.477,135,0,0,1,
0.377289,0.0155488,0.925965,0.00291468,0.999834,-0.0179768,-0.926091,0.00948135,0.377181,
0.913597,0.00144019,0.406618,-0.000930701,0.999999,-0.00145076,-0.40662,0.000946966,0.913597,
0.916256,-0.00404483,-0.400572,-0.00151467,0.999907,-0.0135613,0.400589,0.0130324,0.916165,
0.362425,-0.00171185,-0.932011,0.00314113,0.999995,-0.000615243,0.932008,-0.00270459,0.362429,
378.143
2021-10-27-16-48-19:
378.401,0,240,0,378.401,135,0,0,1,
0.345732,0.036321,0.93763,-0.0104343,0.999338,-0.034864,-0.938275,0.00227008,0.345882,
0.907131,-0.00018759,0.420848,0.00817022,0.999819,-0.0171651,-0.420769,0.0190094,0.906969,
0.911309,-0.0126726,-0.411528,-0.00213885,0.999367,-0.0355109,0.411718,0.0332416,0.910705,
0.321026,-0.0151052,-0.94695,-0.00577781,0.999823,-0.0179073,0.947053,0.01122,0.320882,
362.192
2021-10-27-16-48-42:
390.453,0,240,0,390.453,135,0,0,1,
0.371007,0.0249851,0.928294,-0.00594805,0.999681,-0.0245293,-0.928611,0.003579,0.371037,
0.911089,-0.00291201,0.4122,0.00784833,0.999916,-0.0102833,-0.412135,0.0126041,0.911035,
0.915329,-0.00616458,-0.40266,-0.00534605,0.999609,-0.0274563,0.402672,0.0272842,0.914938,
0.346933,-0.0102441,-0.937834,-0.000145153,0.99994,-0.0109762,0.93789,0.00394413,0.346911,
371.446
2021-10-27-16-49-15:
374.126,0,240,0,374.126,135,0,0,1,
0.345314,0.042849,0.937508,-0.00656516,0.999043,-0.0432433,-0.938464,0.00877762,0.345265,
0.909092,0.00574417,0.416556,0.00505242,0.999679,-0.0248117,-0.416565,0.0246607,0.908772,
0.911573,-0.0155215,-0.410844,-0.00117438,0.999185,-0.0403543,0.411136,0.0372684,0.910812,
0.33147,-0.0215394,-0.94322,-0.00378792,0.999701,-0.0241603,0.943458,0.0115813,0.331289,
366.053
2021-10-27-16-49-41:
360.164,0,240,0,360.164,135,0,0,1,
0.304605,0.0421857,0.951544,-0.00862668,0.9991,-0.0415325,-0.95244,0.00444236,0.304695,
0.902069,0.00370012,0.431575,0.00599024,0.999759,-0.0210921,-0.43155,0.0216118,0.90183,
0.905624,-0.0155193,-0.423797,-0.00143762,0.999212,-0.0396629,0.424079,0.036529,0.904888,
0.281629,-0.0196408,-0.959322,-0.00523354,0.999744,-0.0220048,0.959509,0.0112178,0.281454,
348.711
2021-10-27-16-53-06:
367.352,0,240,0,367.352,135,0,0,1,
0.350722,0.000805498,0.936479,0.00432362,0.999988,-0.00247937,-0.936469,0.00491855,0.350715,
0.909347,-0.0064207,0.415989,9.99564e-05,0.999884,0.0152145,-0.416038,-0.0137937,0.909242,
0.914411,0.00568368,-0.404748,-0.00383013,0.999978,0.00538914,0.404769,-0.00337766,0.914412,
0.318449,0.0204037,-0.94772,0.00595061,0.999706,0.0235224,0.947921,-0.0131302,0.318234,
360.959
2021-10-27-16-53-24:
338.468,0,240,0,338.468,135,0,0,1,
0.252877,-0.00283969,0.967494,-0.0206986,0.999751,0.00834442,-0.967277,-0.0221359,0.252755,
0.892824,-0.0342895,0.449099,0.025682,0.999351,0.0252456,-0.449674,-0.0110061,0.893125,
0.896868,0.0208381,-0.441808,-0.0197998,0.99978,0.00696157,0.441856,0.00250411,0.897083,
0.221055,0.0304514,-0.974786,0.000282969,0.99951,0.031288,0.975261,-0.0071922,0.220938,
326.321
2021-10-27-16-57-37:
376.652,0,240,0,376.652,135,0,0,1,
0.36074,0.0146748,0.932551,0.00931036,0.99977,-0.0193341,-0.93262,0.015657,0.36052,
0.91182,0.00534268,0.410555,-0.00459954,0.999986,-0.0027978,-0.410564,0.000662729,0.911832,
0.915102,-0.00362286,-0.403206,-0.00212434,0.999902,-0.0138056,0.403217,0.0134901,0.915005,
0.341414,-0.00499307,-0.9399,0.0081407,0.999964,-0.00235508,0.939878,-0.00684738,0.341442,
369.204
2021-10-28-15-14-43:
396.459,0,240,0,396.459,135,0,0,1,
0.388859,0.0515413,0.919854,0.00193933,0.998386,-0.0567614,-0.921295,0.0238561,0.388131,
0.914962,0.0225391,0.402911,-0.00809973,0.999263,-0.037506,-0.403459,0.031053,0.91447,
0.919598,-0.0299732,-0.391715,0.00943591,0.998483,-0.0542499,0.392747,0.0461919,0.918486,
0.362941,-0.0376822,-0.93105,-0.00556676,0.999076,-0.0426055,0.931795,0.0206462,0.362396,
376.752
2021-10-28-15-16-04:
365.33,0,240,0,365.33,135,0,0,1,
0.306299,0.0591711,0.950094,-0.00415009,0.99814,-0.0608254,-0.951926,0.0146878,0.305975,
0.899316,0.0206843,0.43681,-0.00530201,0.999323,-0.036405,-0.437267,0.0304236,0.898817,
0.905591,-0.0321621,-0.42293,0.00981545,0.998443,-0.0549103,0.424037,0.045575,0.904497,
0.263499,-0.0363523,-0.963974,-0.0108139,0.999115,-0.0406335,0.964599,0.0211312,0.262873,
340.457
2021-10-28-15-16-26:
379.974,0,240,0,379.974,135,0,0,1,
0.356157,0.0242275,0.934112,-0.00926375,0.999706,-0.0223967,-0.93438,-0.000676609,0.356277,
0.909717,-0.00875342,0.415136,0.0119018,0.999917,-0.00499735,-0.415058,0.00948704,0.909746,
0.912786,-0.00127826,-0.408436,-0.0080834,0.999743,-0.0211939,0.408358,0.022647,0.912541,
0.338903,-0.0041178,-0.940812,-0.000441143,0.99999,-0.00453572,0.940821,0.00195221,0.338898,
369.172
2021-10-28-15-17-06:
389.71,0,240,0,389.71,135,0,0,1,
0.382777,0.0358818,0.923144,-0.012485,0.999355,-0.0336672,-0.923756,0.00136159,0.382978,
0.914339,-0.00216281,0.404944,0.0092714,0.999835,-0.0155942,-0.404843,0.0180128,0.914209,
0.918372,-0.0121901,-0.39553,-0.000899521,0.999458,-0.0328915,0.395717,0.0305624,0.917864,
0.360814,-0.0122688,-0.932557,-0.00796015,0.999837,-0.0162338,0.932604,0.0132807,0.360658,
375.437
2021-10-28-15-19-45:
384.315,0,240,0,384.315,135,0,0,1,
0.38429,0.0098901,0.923159,0.0106473,0.999829,-0.0151437,-0.923151,0.0156487,0.384119,
0.91429,-0.00546496,0.405024,0.00762434,0.999964,-0.00371852,-0.404989,0.00648785,0.914298,
0.91875,0.0148578,-0.394561,-0.0208751,0.999722,-0.0109622,0.394288,0.018308,0.918804,
0.358224,-0.00489394,-0.933623,0.0226574,0.999737,0.00345296,0.933361,-0.0223904,0.358241,
372.731
2021-10-28-15-19-54:
370.387,0,240,0,370.387,135,0,0,1,
0.346257,0.0107225,0.938078,0.012035,0.999801,-0.0158703,-0.938062,0.016785,0.346059,
0.907943,-0.002176,0.419087,0.00400238,0.999986,-0.00347891,-0.419074,0.004836,0.907939,
0.912606,0.00920035,-0.408736,-0.0156363,0.999801,-0.0124071,0.40854,0.0177139,0.912568,
0.316911,-0.00697812,-0.948429,0.0204114,0.999791,-0.000535683,0.948236,-0.019189,0.316988,
357.787
2021-10-28-15-22-41:
371.437,0,240,0,371.437,135,0,0,1,
0.343458,0.00925768,0.939122,0.00110469,0.999947,-0.0102613,-0.939167,0.00456176,0.34343,
0.90756,-0.00857788,0.419834,0.00742883,0.999963,0.00437183,-0.419856,-0.000848821,0.90759,
0.911694,0.00661488,-0.410817,-0.011001,0.999905,-0.00831353,0.410723,0.0120988,0.91168,
0.31783,0.00391572,-0.94814,0.00914974,0.999932,0.00719674,0.948104,-0.0109626,0.317773,
359.789
2021-10-28-15-26-29:
375.89,0,240,0,375.89,135,0,0,1,
-0.25954,-0.111158,0.959314,-0.0491477,0.993587,0.101832,-0.964481,-0.0207186,-0.263338,
0.489984,-0.129305,0.862088,0.0559685,0.991564,0.116914,-0.869933,-0.00903621,0.493087,
0.483579,0.122421,-0.866697,-0.0549329,0.992464,0.109536,0.873575,-0.00535899,0.48666,
-0.265978,0.133394,-0.954705,0.0511882,0.990937,0.124195,0.962619,-0.0158363,-0.270396,
386.01
2021-10-28-15-26-42:
371.334,0,240,0,371.334,135,0,0,1,
0.320428,-0.0453465,0.946187,-0.0452799,0.996979,0.0631149,-0.94619,-0.0630671,0.317407,
0.894572,-0.0687513,0.441603,0.0342013,0.99573,0.0857382,-0.445612,-0.0615956,0.893104,
0.895304,-0.0157681,-0.445176,-0.00856051,0.99858,-0.0525858,0.445373,0.0508912,0.893898,
0.33362,-0.0133037,-0.942614,-0.0252452,0.999416,-0.0230404,0.94237,0.0314832,0.333089,
389.767
2021-10-28-16-03-44:
376.45,0,240,0,376.45,135,0,0,1,
0.365347,0.0166429,0.930722,0.00403973,0.999803,-0.019464,-0.930863,0.010871,0.365208,
0.913669,0.000194357,0.406459,0.00137936,0.999993,-0.00357879,-0.406456,0.00383048,0.913662,
0.916711,-0.00112879,-0.39955,-0.00564401,0.99986,-0.0157741,0.399512,0.0167154,0.916576,
0.347584,-0.00574429,-0.937631,0.00701351,0.999969,-0.00352625,0.937623,-0.00535042,0.347614,
371.42
2021-10-28-16-04-00:
371.034,0,240,0,371.034,135,0,0,1,
0.350626,0.0172384,0.936357,0.00365849,0.999798,-0.0197763,-0.936509,0.0103597,0.350492,
0.911757,-0.0005156,0.41073,0.00271044,0.999985,-0.00476143,-0.410722,0.00545453,0.911744,
0.91431,-0.000578931,-0.405014,-0.00697257,0.999828,-0.0171696,0.404954,0.0185223,0.914149,
0.335351,-0.00614102,-0.942073,0.00781571,0.999963,-0.00373621,0.942061,-0.00611002,0.335387,
366.549
2021-10-28-16-04-48:
361.126,0,240,0,361.126,135,0,0,1,
0.301629,0.0204491,0.953206,-0.00711994,0.99979,-0.0191954,-0.953399,-0.000996878,0.301711,
0.901132,-0.0141156,0.433316,0.0178951,0.999829,-0.00464483,-0.433176,0.0119398,0.90123,
0.904465,0.00752462,-0.426481,-0.0182749,0.99961,-0.0211201,0.426155,0.0268963,0.90425,
0.279807,-0.00540815,-0.960041,0.0091161,0.999954,-0.00297608,0.960013,-0.00791909,0.279844,
349.128
2021-10-28-16-08-15:
347.299,0,240,0,347.299,135,0,0,1,
0.26552,0.00785992,0.964073,0.0132593,0.999842,-0.0118033,-0.964014,0.0159169,0.265374,
0.89984,-0.0031179,0.436209,0.00299768,0.999995,0.000963861,-0.43621,0.000440294,0.899845,
0.897327,0.00518517,-0.441336,-0.0135375,0.999784,-0.0157782,0.441159,0.0201327,0.897203,
0.283376,-0.0109866,-0.958946,0.0209243,0.999767,-0.00527095,0.958781,-0.0185716,0.28354,
358.43
2021-10-28-16-08-33:
368.589,0,240,0,368.589,135,0,0,1,
0.320409,0.0254409,0.946938,-0.0119839,0.999668,-0.0228027,-0.947204,-0.00404187,0.320607,
0.902505,-0.0122574,0.430505,0.0169407,0.999832,-0.00704693,-0.430346,0.0136529,0.902561,
0.907143,0.00286114,-0.420814,-0.013109,0.999684,-0.021462,0.420619,0.0249855,0.906893,
0.291296,-0.00281316,-0.956629,0.00151895,0.999996,-0.00247816,0.956632,-0.000731201,0.291299,
353.605
2021-10-28-16-11-49:
348.207,0,240,0,348.207,135,0,0,1,
0.259067,0.0464316,0.964743,-0.0014626,0.998861,-0.0476809,-0.965858,0.0109415,0.25884,
0.899136,0.0163048,0.437365,-0.00727199,0.999724,-0.0223196,-0.437608,0.0168879,0.899007,
0.897885,-0.0284994,-0.439306,0.0105798,0.999011,-0.0431856,0.440103,0.0341279,0.897299,
0.268817,-0.0274218,-0.962801,-0.00960514,0.999468,-0.031148,0.963143,0.0176209,0.268411,
347.884
2021-10-28-16-12-21:
374.675,0,240,0,374.675,135,0,0,1,
0.360436,0.0465642,0.931621,0.0166943,0.998271,-0.0563544,-0.932635,0.0358649,0.359035,
0.911295,0.0292421,0.410714,-0.0147099,0.99915,-0.0384992,-0.411491,0.0290426,0.910951,
0.914823,-0.025103,-0.403073,0.00513049,0.998708,-0.0505542,0.403822,0.0441802,0.91377,
0.340294,-0.0445811,-0.939262,0.00791761,0.998976,-0.0445468,0.940286,0.00772232,0.340299,
371.001
2021-10-28-16-13-07:
331.413,0,240,0,331.413,135,0,0,1,
0.966761,0.100905,0.234927,-0.203238,0.860783,0.466635,-0.155136,-0.49887,0.852679,
0.800122,-0.0152271,-0.599644,0.221915,0.936263,0.272333,0.557277,-0.35097,0.752504,
0.306843,0.894376,0.325483,0.446656,0.166665,-0.879045,-0.840444,0.415108,-0.348339,
0.45666,0.888776,0.0392337,-0.258684,0.17485,-0.950005,-0.851202,0.42368,0.309759,
405.633
2021-10-28-16-13-38:
327.746,0,240,0,327.746,135,0,0,1,
0.132204,0.0576199,0.989546,-0.040939,0.997775,-0.0526296,-0.990377,-0.0335532,0.134269,
0.877735,-0.00649654,0.479102,0.0199187,0.999539,-0.0229383,-0.478731,0.0296768,0.87746,
0.873111,-0.0146051,-0.487303,-0.00771568,0.999012,-0.043766,0.487461,0.0419724,0.872136,
0.19205,-0.00890782,-0.981345,-0.0277762,0.999509,-0.0145085,0.980992,0.0300444,0.191709,
335.005
2021-10-28-16-14-45:
367.447,0,240,0,367.447,135,0,0,1,
0.341013,0.0135952,0.93996,0.0165439,0.999654,-0.0204607,-0.939913,0.0225279,0.34067,
0.908267,0.0013998,0.418389,0.00245775,0.999959,-0.00868102,-0.418384,0.00891298,0.908227,
0.911725,0.009462,-0.410693,-0.0173959,0.999727,-0.0155856,0.410434,0.0213541,0.911641,
0.319016,-0.0133052,-0.947656,0.0250343,0.999671,-0.00560804,0.947419,-0.0219348,0.319244,
361.337
2021-10-28-16-15-42:
360.775,0,240,0,360.775,135,0,0,1,
0.317726,0.0219621,0.947928,-0.00203316,0.999745,-0.0224812,-0.94818,0.00521558,0.31769,
0.905419,-0.000822087,0.424519,0.00188069,0.999996,-0.00207466,-0.424515,0.00267683,0.905417,
0.907922,-0.00650698,-0.41909,-0.000901981,0.999847,-0.0174782,0.419139,0.0162468,0.907777,
0.301832,-0.00277869,-0.953357,-0.000788013,0.999995,-0.0031641,0.953361,0.00170629,0.301828,
354.865
2021-11-03-10-26-29:
351.129,0,240,0,351.129,135,0,0,1,
0.270754,0.042832,0.961695,0.0149968,0.998701,-0.0487023,-0.962532,0.0276087,0.26976,
0.895747,0.0174861,0.444219,-0.00199261,0.999374,-0.0353209,-0.444559,0.0307535,0.895221,
0.899359,-0.015046,-0.436953,-0.00720478,0.998762,-0.0492204,0.437152,0.047415,0.898137,
0.244109,-0.0390305,-0.968962,0.0172222,0.999207,-0.03591,0.969595,-0.00792173,0.244588,
338.571
2021-11-03-10-26-39:
339.64,0,240,0,339.64,135,0,0,1,
0.247394,-0.911839,-0.327637,-0.462899,-0.408292,0.78678,-0.851188,-0.0429816,-0.523098,
-0.113409,-0.906346,-0.407033,0.283291,-0.422168,0.861116,-0.952305,-0.0176504,0.304638,
0.652703,0.0116851,0.757524,0.169841,0.972175,-0.161336,-0.738331,0.233964,0.632557,
0.998829,-0.0426414,-0.0228539,0.0358322,0.96943,-0.24274,0.032506,0.241636,0.969822,
335.077
2021-11-03-10-26-56:
321.097,0,240,0,321.097,135,0,0,1,
0.172324,0.0409381,0.984189,0.0293016,0.998481,-0.046663,-0.984604,0.0368794,0.170862,
0.880437,0.0233512,0.473588,-0.00637612,0.999279,-0.0374177,-0.474121,0.0299242,0.879951,
0.882726,-0.0205932,-0.469437,-0.00395301,0.998678,-0.0512431,0.469871,0.0470893,0.881478,
0.144826,-0.0469793,-0.988341,0.0279908,0.998667,-0.0433685,0.989061,-0.0213836,0.145948,
310.032
2021-11-03-10-27-13:
335.955,0,240,0,335.955,135,0,0,1,
0.260874,0.243864,0.934064,0.216078,0.928269,-0.302699,-0.94088,0.280797,0.189467,
0.887371,0.218575,0.405952,-0.0684529,0.933184,-0.35282,-0.455946,0.285293,0.843043,
0.90486,0.166233,-0.391912,-0.0602704,0.96136,0.268614,0.421421,-0.219438,0.879916,
0.279422,0.151728,-0.948104,0.21083,0.953642,0.214749,0.936736,-0.259894,0.234479,
334.327
2021-11-03-10-27-38:
360.584,0,240,0,360.584,135,0,0,1,
0.21497,0.0355635,0.975973,-0.0266124,0.999179,-0.0305475,-0.976258,-0.0194062,0.21574,
0.870869,-0.00870426,0.491438,0.0137854,0.999882,-0.00671918,-0.491322,0.0126262,0.870887,
0.875624,-0.00729926,-0.482938,-0.00362351,0.999758,-0.0216805,0.482979,0.0207339,0.875386,
0.175446,0.00562023,-0.984473,-0.0177353,0.999839,0.00254728,0.984329,0.017013,0.175518,
341.464
2021-11-03-10-27-51:
362.12,0,240,0,362.12,135,0,0,1,
0.322326,0.0395063,0.945804,1.38531e-05,0.999129,-0.0417384,-0.946629,0.0134665,0.322044,
0.906289,0.00894725,0.422564,0.000568337,0.999749,-0.0223873,-0.422659,0.0205295,0.906056,
0.908826,-0.0152973,-0.416895,-0.000776512,0.999264,-0.0383593,0.417174,0.0351857,0.908145,
0.306947,-0.0219424,-0.951474,0.000606543,0.999738,-0.0228598,0.951726,0.00643965,0.30688,
358.941
2021-11-03-10-28-12:
386.851,0,240,0,386.851,135,0,0,1,
0.36253,0.00563434,0.931955,0.00837132,0.999922,-0.00930168,-0.931935,0.0111738,0.362454,
0.917252,-0.00300612,0.398296,0.00124213,0.999988,0.0046868,-0.398306,-0.00380424,0.917245,
0.917206,0.00644239,-0.398362,-0.00971443,0.999934,-0.00619579,0.398296,0.00955267,0.917207,
0.362743,4.90961e-05,-0.931889,0.0130561,0.999902,0.00513485,0.931798,-0.0140295,0.362706,
381.693
2021-11-03-10-33-30:
363.202,0,240,0,363.202,135,0,0,1,
0.326357,0.0591465,0.943394,-0.0352361,0.998108,-0.0503873,-0.944589,-0.0167973,0.327824,
0.910331,-0.0095057,0.413771,0.0212423,0.999492,-0.0237731,-0.413335,0.0304308,0.91007,
0.911624,-0.0206531,-0.410505,0.000645518,0.998807,-0.048818,0.411024,0.0442387,0.910551,
0.321964,-0.0131499,-0.946661,-0.0261718,0.999398,-0.0227837,0.94639,0.0321114,0.321426,
361.485
2021-11-03-10-34-41:
305.643,0,240,0,305.643,135,0,0,1,
0.813072,-0.310298,0.492573,0.371885,0.927814,-0.029379,-0.4479,0.207068,0.869775,
0.778591,-0.449148,-0.438248,0.271131,0.870593,-0.410555,0.565936,0.200832,0.799614,
0.822536,0.443355,0.356191,-0.56052,0.737919,0.375889,-0.0961878,-0.508834,0.855474,
0.787472,0.459744,-0.410516,-0.0665701,0.725588,0.684901,0.612745,-0.512013,0.601986,
325.754
2021-11-03-10-35-40:
382.964,0,240,0,382.964,135,0,0,1,
0.379888,0.0247017,0.924702,-0.00478811,0.999683,-0.0247376,-0.92502,0.00496995,0.379886,
0.914375,-0.0014567,0.404865,0.00442043,0.99997,-0.00638555,-0.404843,0.00762847,0.914354,
0.917977,-0.00735624,-0.396565,-0.0015752,0.999752,-0.0221916,0.39663,0.0209961,0.917738,
0.359818,-0.0061876,-0.933002,-0.00215938,0.99997,-0.0074645,0.93302,0.00470057,0.359794,
374.652
2021-11-03-10-38-26:
370.122,0,240,0,370.122,135,0,0,1,
0.326741,0.0161047,0.944977,0.000718367,0.99985,-0.0172882,-0.945114,0.00632761,0.32668,
0.904957,0.000592896,0.425503,-0.00147062,0.999997,0.0017343,-0.425501,-0.00219522,0.904955,
0.909784,-0.00729037,-0.415018,0.00138139,0.999893,-0.0145363,0.41508,0.0126516,0.909697,
0.29511,-0.00145549,-0.955462,-0.000544631,0.999998,-0.00169155,0.955463,0.00101957,0.295109,
355.863
2021-11-03-10-44-47:
382.072,0,240,0,382.072,135,0,0,1,
0.357735,0.0137891,0.933721,0.00514321,0.999847,-0.0167362,-0.933809,0.0107894,0.35761,
0.915186,0.00257773,0.403023,-0.0033546,0.999994,0.00122168,-0.403017,-0.00247005,0.915189,
0.915517,-0.00493198,-0.40225,-0.000110639,0.999922,-0.0125118,0.40228,0.0114993,0.915444,
0.355973,-0.00189705,-0.934494,0.00374029,0.999993,-0.000605241,0.934489,-0.00327983,0.355978,
372.689
2021-11-03-10-58-01:
230.971,0,240,0,230.971,135,0,0,1,
-0.174059,0.0498314,0.983474,-0.0863588,0.994098,-0.0656539,-0.980941,-0.0963593,-0.168729,
0.923425,-0.0197686,0.38327,0.0489832,0.996576,-0.0666145,-0.38064,0.0802873,0.921231,
0.902689,0.00767199,-0.430226,-0.0478337,0.995433,-0.0826124,0.427627,0.0951526,0.898933,
0.350347,-0.0138782,-0.936517,-0.0487657,0.998264,-0.0330362,0.93535,0.057244,0.349062,
394.016
2021-11-03-10-58-15:
333.069,0,240,0,333.069,135,0,0,1,
0.348303,-0.0848993,0.933529,-0.0186778,0.995064,0.0974642,-0.937196,-0.0513833,0.344998,
0.89893,-0.02826,0.43718,0.0207379,0.999544,0.0219708,-0.437602,-0.010684,0.899105,
0.90582,0.0113054,-0.423511,-0.012178,0.999926,0.000645576,0.423487,0.00457275,0.905891,
0.319975,0.0207418,-0.947199,-0.00345419,0.999779,0.0207263,0.94742,-0.00336012,0.319977,
369.153
2021-11-03-10-59-54:
365.463,0,240,0,365.463,135,0,0,1,
0.330985,0.0311842,0.943121,0.00822845,0.99932,-0.0359302,-0.9436,0.0196528,0.330504,
0.906756,0.00849782,0.42157,-5.49695e-05,0.999799,-0.0200353,-0.421656,0.0181439,0.906574,
0.910245,-0.00725322,-0.414006,-0.00669346,0.999458,-0.0322265,0.414015,0.0321052,0.909704,
0.309273,-0.0234202,-0.950685,0.0110551,0.999718,-0.0210317,0.950909,-0.00400539,0.309444,
357.581
2021-11-03-11-12-41:
375.955,0,240,0,375.955,135,0,0,1,
0.358405,0.0134157,0.93347,0.00142791,0.999888,-0.0149185,-0.933565,0.00667976,0.358346,
0.909952,-0.00540893,0.414678,0.00526981,0.999985,0.00147961,-0.41468,0.000838903,0.909967,
0.913396,0.00310017,-0.40706,-0.00856585,0.999896,-0.0116056,0.406981,0.0140873,0.913328,
0.33816,0.000178718,-0.941089,0.00744319,0.999968,0.00286446,0.941059,-0.00797335,0.338148,
367.083
2021-11-03-11-13-55:
388.247,0,240,0,388.247,135,0,0,1,
0.375973,0.0367306,0.925902,-0.025527,0.999245,-0.0292746,-0.926279,-0.0126291,0.376627,
0.914441,-0.0191692,0.404265,0.0266931,0.999559,-0.0129829,-0.403838,0.0226632,0.91455,
0.91739,-0.00126144,-0.397988,-0.0128666,0.999378,-0.0328261,0.397782,0.0352351,0.916803,
0.361931,-0.00683604,-0.93218,-0.00831103,0.99991,-0.0105596,0.932168,0.0115692,0.361842,
372.899
2021-11-03-11-18-09:
365.598,0,240,0,365.598,135,0,0,1,
0.33466,0.057348,0.940592,0.0131262,0.997766,-0.0655041,-0.942248,0.034268,0.33316,
0.907683,0.027762,0.418738,-0.00816425,0.998789,-0.0485216,-0.419578,0.0406235,0.90681,
0.910943,-0.0242979,-0.411816,5.54452e-05,0.998271,-0.0587773,0.412532,0.0535199,0.90937,
0.31564,-0.0508727,-0.947514,0.00940074,0.99868,-0.0504882,0.948833,0.00702875,0.315702,
361.721
2021-11-03-11-20-01:
440.328,0,240,0,440.328,135,0,0,1,
0.468665,0.0461834,0.882168,-0.00237121,0.998695,-0.051024,-0.883373,0.0218213,0.468162,
0.926193,0.00855623,0.376953,0.004257,0.999441,-0.0331454,-0.377026,0.0323038,0.925639,
0.930954,-0.01379,-0.364876,-0.00345537,0.998909,-0.0465685,0.365121,0.0446139,0.929891,
0.446561,-0.0301616,-0.894244,0.000862839,0.999446,-0.033279,0.894753,0.0140895,0.44634,
410.307
2021-11-03-11-22-55:
328.705,0,240,0,328.705,135,0,0,1,
0.255898,0.0445643,0.965676,0.0226455,0.998387,-0.0520748,-0.966439,0.035194,0.254476,
0.899437,0.025828,0.436286,-0.00963336,0.999182,-0.0392913,-0.436944,0.0311372,0.89895,
0.899531,-0.017961,-0.436488,-0.00234304,0.998942,-0.0459342,0.436851,0.0423419,0.898537,
0.257167,-0.0415179,-0.965475,0.0193544,0.999098,-0.0378085,0.966173,-0.00896313,0.257738,
342.42
2021-11-03-11-24-01:
461.468,0,240,0,461.468,135,0,0,1,
0.518925,0.0249716,0.854455,0.00440405,0.999482,-0.0318847,-0.854808,0.0203088,0.518546,
0.932116,0.0176624,0.361728,-0.0142027,0.999825,-0.0122212,-0.36188,0.00625405,0.932204,
0.937216,-0.0235898,-0.34795,0.0159028,0.999563,-0.0249321,0.348385,0.0178335,0.937182,
0.49608,-0.00868908,-0.868233,-0.00796475,0.999862,-0.0145572,0.86824,0.0141368,0.495942,
434.626
2021-11-04-10-57-00:
355.225,0,240,0,355.225,135,0,0,1,
0.868602,0.0650649,0.491221,-0.0859089,0.996103,0.0199692,-0.488007,-0.0595456,0.870806,
0.941999,0.0293267,-0.334332,-0.00671924,0.997623,0.0685771,0.335549,-0.0623531,0.939957,
0.391204,0.0322308,-0.919739,0.0438309,0.9976,0.0536025,0.919259,-0.0612826,0.388853,
-0.620398,0.182113,0.762851,-0.102842,-0.983159,0.151069,0.777515,0.0152696,0.628679,
354.637
2021-11-04-10-57-19:
366.885,0,240,0,366.885,135,0,0,1,
0.58691,0.0569328,0.807648,-0.0528415,0.998091,-0.0319582,-0.807926,-0.0239208,0.588798,
0.994278,0.0259904,0.103616,-0.0271154,0.999588,0.0094631,-0.103327,-0.0122185,0.994573,
0.758988,0.0251277,-0.65062,-0.0106641,0.999601,0.0261655,0.651018,-0.0129211,0.758953,
0.861165,-0.436416,-0.260644,0.0767185,-0.395292,0.915346,-0.502502,-0.808261,-0.30693,
362.879
2021-11-04-10-58-07:
365.133,0,240,0,365.133,135,0,0,1,
0.316528,0.0122241,0.948505,0.00120238,0.999911,-0.0132879,-0.948583,0.00534644,0.316485,
0.917586,0.00575523,0.397495,-0.004193,0.99998,-0.00479922,-0.397515,0.002737,0.917592,
0.91246,-0.00598646,-0.409123,0.00482051,0.999981,-0.00388106,0.409139,0.00156913,0.912471,
0.349389,0.0137539,-0.936877,-0.00266666,0.999903,0.0136847,0.936974,-0.00228294,0.349392,
366.397
2021-11-04-10-58-52:
369.519,0,240,0,369.519,135,0,0,1,
0.346647,-0.00229576,0.937993,-0.0175625,0.999806,0.00893748,-0.937831,-0.0195716,0.346539,
0.923228,-0.00998986,0.384122,0.00124784,0.999735,0.0230009,-0.38425,-0.0207558,0.922996,
0.918394,-0.00739946,-0.395599,0.0150109,0.999757,0.0161484,0.395383,-0.0207689,0.918282,
0.374183,0.0394213,-0.926517,-0.0236515,0.999177,0.0329609,0.927053,0.0095801,0.374807,
369.876
2021-11-04-11-02-19:
364.595,0,240,0,364.595,135,0,0,1,
0.319123,0.0320057,0.947173,0.00582701,0.999344,-0.0357318,-0.947696,0.016922,0.318727,
0.917721,0.021386,0.39665,-0.0116855,0.999571,-0.026857,-0.397054,0.0200122,0.917577,
0.914259,-0.0203599,-0.404618,0.0111478,0.999623,-0.0251108,0.404976,0.0184472,0.914141,
0.343275,-0.00742742,-0.939205,-0.00386716,0.999949,-0.00932123,0.939227,0.0068318,0.343229,
361.99
2021-11-04-11-05-24:
298.28,0,240,0,298.28,135,0,0,1,
0.134556,0.0925046,0.986579,-0.0148411,0.995709,-0.0913365,-0.990795,-0.00235206,0.135351,
0.899191,0.0338191,0.436247,-0.00547023,0.997799,-0.066077,-0.437522,0.0570295,0.897397,
0.893413,-0.0416322,-0.447303,0.0135162,0.997737,-0.0658668,0.449033,0.0528004,0.891954,
0.217333,-0.0334898,-0.975523,-0.0237416,0.998934,-0.0395828,0.975809,0.0317632,0.216307,
320.173
2021-11-04-11-09-19:
382.37,0,240,0,382.37,135,0,0,1,
0.350091,0.0295895,0.936248,0.00852459,0.999359,-0.0347717,-0.936677,0.0201544,0.349614,
0.921893,0.024185,0.38669,-0.0157987,0.999567,-0.0248515,-0.387123,0.0168012,0.921875,
0.918579,-0.0232631,-0.394552,0.0142435,0.999567,-0.0257742,0.394981,0.0180559,0.918512,
0.371503,-0.00922364,-0.928386,-0.00404681,0.999925,-0.0115538,0.928423,0.00804927,0.371438,
368.099
2021-11-04-11-12-50:
370.183,0,240,0,370.183,135,0,0,1,
0.354928,0.0149643,0.934774,0.00386808,0.99984,-0.0174746,-0.934886,0.00981798,0.354813,
0.923596,0.00992004,0.383239,-0.0066235,0.999929,-0.00992045,-0.38331,0.0066241,0.923596,
0.919809,-0.00895767,-0.392265,0.00566693,0.999938,-0.00954617,0.392326,0.00655771,0.919803,
0.378069,0.00732352,-0.925748,-0.00123787,0.999972,0.00740516,0.925776,-0.00165371,0.378068,
372.773
2021-11-04-11-14-43:
370.449,0,240,0,370.449,135,0,0,1,
0.360631,0.00843352,0.93267,-0.00179453,0.999964,-0.00834813,-0.932707,0.00133689,0.360633,
0.925411,-0.000847024,0.378964,0.00147605,0.999998,-0.00136932,-0.378962,0.00182656,0.925411,
0.920443,3.27961e-06,-0.390878,-0.000327268,1,-0.000762266,0.390877,0.000829545,0.920442,
0.389796,0.0163228,-0.920757,-0.00107128,0.99985,0.0172715,0.920901,-0.00574595,0.389755,
376.204
2021-11-04-11-16-44:
214.324,0,240,0,214.324,135,0,0,1,
0.237876,0.0196933,0.971096,0.0282691,0.99923,-0.0271886,-0.970884,0.0339196,0.237136,
0.927686,0.0164342,0.373,-0.0207691,0.999755,0.00760602,-0.372784,-0.0148029,0.9278,
0.912752,-0.000568543,-0.408515,0.00673693,0.999884,0.0136609,0.40846,-0.0152211,0.912649,
0.352821,0.0143317,-0.935581,0.0181205,0.99959,0.0221458,0.935515,-0.0247667,0.352417,
367.26
2021-11-04-11-16-58:
363.618,0,240,0,363.618,135,0,0,1,
0.319339,0.0222068,0.94738,0.0051844,0.99967,-0.02518,-0.947627,0.0129526,0.319118,
0.918718,0.0149806,0.394629,-0.0084633,0.999798,-0.0182504,-0.394823,0.0134271,0.918659,
0.915118,-0.0133038,-0.402967,0.00722387,0.999836,-0.0166042,0.403122,0.0122838,0.915064,
0.3438,0.000473533,-0.939043,-0.00142776,0.999999,-1.84519e-05,0.939042,0.00134707,0.3438,
359.351
2021-11-04-11-17-12:
350.174,0,240,0,350.174,135,0,0,1,
0.286121,0.0245425,0.957879,0.00926787,0.999554,-0.0283786,-0.958149,0.0169972,0.285766,
0.914479,0.0181571,0.404226,-0.0105152,0.999722,-0.0211171,-0.404497,0.0150607,0.914416,
0.910821,-0.0139737,-0.412564,0.00701884,0.999807,-0.0183682,0.412741,0.0138344,0.910744,
0.313618,-0.00396875,-0.949541,0.00182148,0.999992,-0.00357799,0.949548,-0.000607442,0.313623,
348.993
2021-11-04-11-22-19:
376.247,0,240,0,376.247,135,0,0,1,
0.368336,0.0181035,0.929516,-0.00519129,0.999835,-0.017416,-0.929678,0.00158953,0.368369,
0.924976,0.00179573,0.38002,0.00202265,0.999951,-0.00964829,-0.380019,0.00969308,0.924928,
0.921877,-0.00665527,-0.387426,0.00229566,0.999929,-0.0117144,0.387476,0.00990987,0.921826,
0.386799,0.00990631,-0.922111,-0.00536484,0.99995,0.00849213,0.922148,0.00166223,0.386833,
375.152
2021-11-12-14-18-55:
372.004,0,240,0,372.004,135,0,0,1,
0.916878,-0.127939,0.378109,0.298151,0.849326,-0.435605,-0.265407,0.51213,0.816873,
0.897155,-0.160168,-0.411653,-0.0878746,0.848597,-0.521691,0.432886,0.504211,0.747249,
0.337614,-0.159145,-0.927734,-0.433411,0.848625,-0.303298,0.835567,0.504488,0.217533,
0.0605449,0.268849,0.961278,-0.796189,0.593837,-0.115936,-0.602011,-0.758339,0.250008,
375.182
2021-11-12-14-19-14:
365.944,0,240,0,365.944,135,0,0,1,
0.66323,0.0230267,0.748061,-0.312208,0.916916,0.248578,-0.680186,-0.398415,0.615315,
0.999904,0.0119286,0.00710035,-0.0137726,0.916501,0.399795,-0.00173854,-0.399854,0.916577,
0.696627,0.0110101,-0.717349,0.280408,0.916168,0.286369,0.660365,-0.400643,0.63514,
0.0573237,-0.997639,-0.0378126,0.444793,-0.00838738,0.895594,-0.893797,-0.0681576,0.443262,
366.854
2021-11-12-14-19-51:
379.808,0,240,0,379.808,135,0,0,1,
0.362751,0.00986754,0.931834,-0.00494777,0.99995,-0.00866274,-0.931873,-0.00146809,0.362782,
0.924589,-0.00219858,0.38096,0.00324082,0.999993,-0.00209434,-0.380953,0.00317103,0.924589,
0.920425,-0.00169651,-0.390915,0.000285658,0.999993,-0.00366721,0.390919,0.00326373,0.92042,
0.387159,0.0157192,-0.921879,-0.00378268,0.999873,0.0154605,0.922005,-0.0024985,0.387169,
374.898
2021-11-12-14-32-42:
358.996,0,240,0,358.996,135,0,0,1,
0.296415,0.0506632,0.953715,-0.0300528,0.998592,-0.0437068,-0.954586,-0.0157065,0.29752,
0.915067,-0.000865326,0.403301,0.017214,0.99917,-0.0369138,-0.402934,0.040721,0.914323,
0.912284,-0.018617,-0.409135,0.000604888,0.999026,-0.0441102,0.409558,0.0399936,0.911407,
0.318564,-0.00629793,-0.94788,-0.0232159,0.999626,-0.0144441,0.947617,0.0266073,0.318299,
349.521
2021-11-12-14-34-02:
375.008,0,240,0,375.008,135,0,0,1,
0.345072,-0.00442159,0.938566,0.0127581,0.999919,1.99981e-05,-0.93849,0.0119674,0.3451,
0.922621,0.00539655,0.38567,-0.0079875,0.999955,0.0051161,-0.385625,-0.00780076,0.922623,
0.918764,0.00445188,-0.394781,-0.000732312,0.999954,0.00957204,0.394806,-0.00850535,0.918725,
0.36848,0.018355,-0.929454,0.00987802,0.999672,0.0236578,0.929583,-0.0178986,0.368178,
370.788
2021-11-12-14-38-56:
367.779,0,240,0,367.779,135,0,0,1,
0.324078,-0.00799091,0.945997,0.0162509,0.999864,0.00287871,-0.945891,0.0144404,0.324164,
0.919241,0.00568245,0.393655,-0.00961102,0.999922,0.00800914,-0.393579,-0.0111458,0.919223,
0.915702,0.00598907,-0.401814,-0.000928829,0.999918,0.0127871,0.401858,-0.011336,0.915632,
0.346485,0.0202278,-0.937837,0.0127532,0.999574,0.026271,0.937969,-0.0210629,0.346079,
362.746
2021-11-12-14-47-18:
360.258,0,240,0,360.258,135,0,0,1,
0.329996,0.0242374,0.943671,-0.00989776,0.999704,-0.0222154,-0.94393,-0.00200924,0.330138,
0.921036,-0.00151753,0.389473,0.00794333,0.999858,-0.0148888,-0.389395,0.0168068,0.920917,
0.916681,-0.00475993,-0.399591,-0.00216258,0.999855,-0.0168714,0.399614,0.0163298,0.916538,
0.358389,0.00595342,-0.933553,-0.00576884,0.999975,0.00416237,0.933554,0.00389377,0.358415,
367.988
2021-11-12-15-04-16:
356.038,0,240,0,356.038,135,0,0,1,
0.304646,0.0282783,0.952046,-0.00561029,0.999595,-0.0278954,-0.952449,0.00315699,0.304681,
0.915886,0.00755098,0.401367,0.000157109,0.999816,-0.0191682,-0.401437,0.017619,0.915717,
0.912968,-0.0121669,-0.407849,0.00437861,0.99979,-0.0200241,0.408007,0.0164955,0.91283,
0.325428,0.00264237,-0.945563,-0.00747386,0.999972,0.000222182,0.945537,0.00699471,0.325439,
354.343
2021-11-12-15-05-42:
352.172,0,240,0,352.172,135,0,0,1,
0.299706,0.0288663,0.953595,-0.00155617,0.999556,-0.0297685,-0.95403,0.00743784,0.299618,
0.916089,0.00795745,0.400896,0.00083874,0.999763,-0.0217611,-0.400974,0.0202713,0.915865,
0.912206,-0.00874528,-0.409639,0.000124707,0.999778,-0.0210663,0.409733,0.0191657,0.912004,
0.3275,-0.000836383,-0.944851,-0.00126956,0.999998,-0.00132526,0.944851,0.00163357,0.327498,
354.597
2021-11-12-15-06-24:
358.632,0,240,0,358.632,135,0,0,1,
0.316722,0.0172812,0.948361,-0.00400622,0.99985,-0.0168815,-0.94851,0.00154742,0.316744,
0.918644,0.000259119,0.395087,0.00367509,0.999951,-0.00920102,-0.39507,0.00990444,0.918598,
0.915112,-0.0021009,-0.403194,-0.00163482,0.999959,-0.0089209,0.403196,0.00882278,0.915071,
0.340303,0.010794,-0.940254,-0.00179607,0.99994,0.0108291,0.940314,-0.00199642,0.340302,
360.488
2021-11-12-15-10-52:
350.016,0,240,0,350.016,135,0,0,1,
0.290256,0.0270571,0.956567,0.000345598,0.999597,-0.0283792,-0.956949,0.0085678,0.29013,
0.91437,0.00911743,0.404778,-0.000210694,0.999757,-0.0220431,-0.404881,0.0200703,0.914149,
0.91089,-0.00848318,-0.412563,1.3719e-05,0.999789,-0.0205275,0.41265,0.0186927,0.910698,
0.315926,-0.00194878,-0.948782,0.000252771,0.999998,-0.00196981,0.948784,0.000382494,0.315926,
350.795
2021-11-12-15-13-07:
360.71,0,240,0,360.71,135,0,0,1,
0.320945,0.0266052,0.946724,-0.0024605,0.999625,-0.0272578,-0.947095,0.00641883,0.32089,
0.918499,0.00784448,0.395345,-0.000166174,0.999811,-0.0194523,-0.395423,0.0178012,0.918327,
0.915224,-0.00992341,-0.402823,0.00236719,0.999812,-0.0192518,0.402938,0.0166661,0.915076,
0.343242,0.000946615,-0.939247,-0.00356659,0.999994,-0.000295549,0.93924,0.00345135,0.343243,
360.545
2021-11-12-15-20-42:
357.973,0,240,0,357.973,135,0,0,1,
0.318176,-0.00665697,0.948008,0.0159417,0.999871,0.00167071,-0.947898,0.0145813,0.318241,
0.92009,0.00973862,0.391586,-0.0134269,0.999887,0.00668163,-0.391477,-0.0114055,0.920117,
0.915532,0.000242578,-0.402245,0.0047313,0.999924,0.0113717,0.402217,-0.0123143,0.915462,
0.347812,0.0200183,-0.93735,0.0084817,0.999664,0.0244963,0.937526,-0.0164704,0.347526,
362.119
2021-11-12-15-24-59:
360.357,0,240,0,360.357,135,0,0,1,
0.317554,-0.00186088,0.948239,0.015346,0.999877,-0.00317695,-0.948116,0.0155605,0.317543,
0.918661,0.0122765,0.394855,-0.0143404,0.999895,0.00227615,-0.394786,-0.00775341,0.918741,
0.914858,-0.00335155,-0.403762,0.00659107,0.999956,0.00663385,0.403722,-0.00873026,0.91484,
0.34259,0.0169541,-0.939332,0.00662866,0.999769,0.0204625,0.939462,-0.0132368,0.342398,
359.4
2021-11-17-10-09-31:
6003.94,0,240,0,6003.94,135,0,0,1,
0.992832,0.0807641,0.0881045,-0.0177336,0.82853,-0.559665,-0.118198,0.55409,0.824023,
0.999083,-0.031961,0.0284753,0.0424278,0.827598,-0.559716,-0.00567702,0.560411,0.828196,
0.999456,-0.0121353,-0.0306561,-0.00715192,0.827866,-0.56088,0.0321856,0.560794,0.82733,
0.995625,-0.0367201,-0.0859237,-0.0177119,0.828715,-0.559391,0.0917472,0.558465,0.824439,
6079.83
2021-11-17-10-21-33:
391.047,0,240,0,391.047,135,0,0,1,
0.999932,0.0115248,0.0018935,-0.0115405,0.999897,0.00851308,-0.00179527,-0.00853435,0.999962,
0.732011,0.0131828,-0.681166,-0.00411094,0.99988,0.0149332,0.681281,-0.00813103,0.731977,
-0.0130466,0.00948596,-0.99987,0.0120215,0.999884,0.00932925,0.999843,-0.0118982,-0.0131591,
-0.724781,0.0204802,-0.688675,0.0178955,0.999781,0.0108983,0.688747,-0.00442533,-0.724989,
381.719
2021-11-17-10-25-21:
391.047,0,240,0,391.047,135,0,0,1,
0.999932,0.0115248,0.0018935,-0.0115405,0.999897,0.00851308,-0.00179527,-0.00853435,0.999962,
0.732011,0.0131828,-0.681166,-0.00411094,0.99988,0.0149332,0.681281,-0.00813103,0.731977,
-0.0130466,0.00948596,-0.99987,0.0120215,0.999884,0.00932925,0.999843,-0.0118982,-0.0131591,
-0.724781,0.0204802,-0.688675,0.0178955,0.999781,0.0108983,0.688747,-0.00442533,-0.724989,
381.719
2021-11-17-15-49-33:
1565.27,0,240,0,1565.27,135,0,0,1,
0.944444,0.00065575,0.328672,-0.0324558,0.995297,0.0912763,-0.327066,-0.0968727,0.940023,
0.993235,-0.03305,0.11132,0.0225413,0.995282,0.0943707,-0.113914,-0.091223,0.989294,
0.993368,-0.0348941,-0.109555,0.0444452,0.995304,0.0859864,0.10604,-0.0902853,0.990254,
0.941524,0.0659139,-0.330437,-0.0381154,0.99522,0.0899183,0.334784,-0.0720654,0.939535,
1572.52
2021-11-17-16-13-42:
6371.21,0,240,0,6371.21,135,0,0,1,
0.95151,0.0752384,0.298275,-0.0330414,0.989016,-0.144071,-0.305838,0.12723,0.943544,
0.969376,0.00986912,0.245381,0.0261992,0.989334,-0.14329,-0.244178,0.145331,0.958779,
0.981136,0.0200049,0.192282,0.00813034,0.989482,-0.144431,-0.193148,0.14327,0.970653,
0.671055,-0.0898945,-0.735938,-0.0028832,0.992299,-0.123838,0.741403,0.0852239,0.665627,
6436.09
2021-11-17-16-14-10:
4309.55,0,240,0,4309.55,135,0,0,1,
0.992032,0.0375791,0.120255,-0.0280109,0.996378,-0.0802898,-0.122837,0.0762816,0.989491,
0.998811,-0.0285629,0.0395015,0.0316402,0.996324,-0.0796107,-0.0370824,0.0807659,0.996043,
0.998816,-0.0272817,-0.0402673,0.0239022,0.996334,-0.0821435,0.0423606,0.0810838,0.995807,
0.99267,0.0181094,-0.119489,-0.0278933,0.996346,-0.080723,0.117591,0.0834643,0.989548,
4375.21
2021-11-17-16-14-34:
3095.39,0,240,0,3095.39,135,0,0,1,
0.941186,0.0297065,0.336581,-0.0345312,0.999369,0.00835625,-0.33612,-0.0194873,0.941618,
0.973309,-0.0227759,0.228365,0.0209927,0.999727,0.0102351,-0.228536,-0.00516796,0.973522,
0.992882,-0.018073,0.117726,0.0172961,0.999821,0.00761791,-0.117843,-0.00552747,0.993017,
0.730594,0.0138142,-0.682672,-0.00698741,0.999894,0.0127555,0.682776,-0.00454897,0.730614,
3105.32
2021-11-17-16-15-04:
4294.37,0,240,0,4294.37,135,0,0,1,
0.992186,0.031003,0.120857,-0.0375903,0.997907,0.0526121,-0.118973,-0.056744,0.991275,
0.998479,-0.0382122,0.0397543,0.0360617,0.997918,0.0534726,-0.0417148,-0.0519577,0.997778,
0.998576,-0.0349519,-0.0403006,0.0369587,0.998056,0.050175,0.0384686,-0.051593,0.997927,
0.99185,0.0419344,-0.12031,-0.035909,0.998011,0.0518214,0.122244,-0.0470788,0.991383,
4372.78
2021-11-17-16-16-42:
6439.45,0,240,0,6439.45,135,0,0,1,
0.998154,0.0219277,-0.056638,-0.0372113,0.957815,-0.284965,0.0480001,0.286547,0.956863,
0.992543,-0.0507837,-0.110812,0.0173494,0.958682,-0.283951,0.120654,0.279911,0.952414,
0.984492,-0.0632193,-0.163642,0.0141597,0.958402,-0.285071,0.174856,0.278333,0.944434,
0.906669,0.2614,0.331092,0.0065982,0.775985,-0.630717,-0.421792,0.574036,0.701837,
6568.86
2021-11-17-16-19-53:
5085.85,0,240,0,5085.85,135,0,0,1,
0.997519,0.0650299,0.0269541,-0.0701637,0.887479,0.455476,0.00569834,-0.456237,0.88984,
0.999104,0.00675451,-0.0417703,0.0131409,0.888831,0.458046,0.0402206,-0.458185,0.887947,
0.993698,0.0229458,-0.10972,0.029856,0.889288,0.456373,0.108045,-0.456773,0.882998,
0.992104,-0.0148469,0.124536,0.0274091,0.994633,-0.099774,-0.122386,0.1024,0.987186,
5146.06
2021-11-17-16-20-14:
2009.82,0,240,0,2009.82,135,0,0,1,
0.972271,-0.00792542,0.233723,-0.0386648,0.980223,0.194082,-0.230639,-0.197737,0.952736,
0.996527,-0.0541857,0.0632283,0.0408569,0.979804,0.195742,-0.0725578,-0.192479,0.978615,
0.993889,-0.0284178,-0.106663,0.0481846,0.981062,0.187605,0.0993117,-0.191598,0.976436,
0.97722,0.093979,-0.190288,-0.0522017,0.975504,0.213699,0.20571,-0.198897,0.958188,
2057.27
2021-11-17-16-20-47:
4335.67,0,240,0,4335.67,135,0,0,1,
0.976052,0.00728065,0.217415,-0.0374324,0.990153,0.13489,-0.214292,-0.139798,0.966714,
0.989786,-0.0343734,0.138353,0.0153018,0.990506,0.136618,-0.141736,-0.133105,0.980915,
0.997494,-0.0382476,0.0595284,0.029953,0.990465,0.134473,-0.064104,-0.132353,0.989128,
0.9073,0.0658488,-0.415296,-0.00935471,0.990578,0.136628,0.42038,-0.120077,0.899368,
4421.37
2021-11-17-16-23-25:
4466.65,0,240,0,4466.65,135,0,0,1,
0.992909,0.0211076,0.116992,-0.0388,0.987759,0.151084,-0.112371,-0.154552,0.981574,
0.998531,-0.0377991,0.03881,0.031483,0.987862,0.152113,-0.0440886,-0.150668,0.987601,
0.998572,-0.0367139,-0.0388204,0.0421131,0.987951,0.148927,0.032885,-0.15035,0.988086,
0.991709,0.0531843,-0.116981,-0.0352573,0.988012,0.150296,0.123572,-0.144925,0.981696,
4501.61
2021-11-17-16-28-17:
2865.79,0,240,0,2865.79,135,0,0,1,
0.983539,0.00693482,0.180561,-0.0373175,0.985516,0.165423,-0.176798,-0.169438,0.969553,
0.997436,-0.0389594,0.0600366,0.0284298,0.985513,0.167199,-0.0656809,-0.165063,0.984094,
0.997534,-0.0362882,-0.0600693,0.045629,0.985691,0.162272,0.0533212,-0.164613,0.984916,
0.981227,0.0678488,-0.180528,-0.0378813,0.985642,0.164542,0.1891,-0.154615,0.969709,
2905.88
2021-11-17-16-32-23:
344.099,0,240,0,344.099,135,0,0,1,
0.245801,0.021529,0.969081,0.00682185,0.99969,-0.0239393,-0.969296,0.0124952,0.245578,
0.9065,-0.010119,0.422085,0.0254567,0.999204,-0.0307177,-0.421438,0.0385905,0.906036,
0.903452,0.0215965,-0.428146,-0.0377692,0.998857,-0.0293143,0.427023,0.0426548,0.903234,
0.269414,0.00260766,-0.963021,0.0347769,0.999318,0.0124351,0.962396,-0.0368411,0.26914,
343.07
