2022-02-23-17-15-18:
438.685,0,320,0,438.685,180,0,0,1,0.250281,-0.0194311,-0.967978,-0.00416979,0.999768,-0.0211474,0.968165,0.00932905,0.250141,
474.621,0,320,0,474.621,180,0,0,1,0.910844,-0.00568578,-0.412712,0.00930772,0.999934,0.00676619,0.412646,-0.0100043,0.910837,
502.721,0,320,0,502.721,180,0,0,1,0.905,0.0138628,0.425185,-0.00951759,0.999879,-0.0123421,-0.425304,0.00712284,0.905022,
525.749,0,320,0,525.749,180,0,0,1,0.292726,0.0363566,0.955505,0.00402803,0.999221,-0.039254,-0.956188,0.0153395,0.292351,
0
2022-02-23-17-20-24:
438.685,0,320,0,438.685,180,0,0,1,0.250281,-0.0194311,-0.967978,-0.00416979,0.999768,-0.0211474,0.968165,0.00932905,0.250141,
474.621,0,320,0,474.621,180,0,0,1,0.910844,-0.00568578,-0.412712,0.00930772,0.999934,0.00676619,0.412646,-0.0100043,0.910837,
502.721,0,320,0,502.721,180,0,0,1,0.905,0.0138628,0.425185,-0.00951759,0.999879,-0.0123421,-0.425304,0.00712284,0.905022,
525.749,0,320,0,525.749,180,0,0,1,0.292726,0.0363566,0.955505,0.00402803,0.999221,-0.039254,-0.956188,0.0153395,0.292351,
488.671
2022-02-23-17-54-50:
438.685,0,320,0,438.685,180,0,0,1,0.250281,-0.0194311,-0.967978,-0.00416979,0.999768,-0.0211474,0.968165,0.00932905,0.250141,
474.621,0,320,0,474.621,180,0,0,1,0.910844,-0.00568578,-0.412712,0.00930772,0.999934,0.00676619,0.412646,-0.0100043,0.910837,
502.721,0,320,0,502.721,180,0,0,1,0.905,0.0138628,0.425185,-0.00951759,0.999879,-0.0123421,-0.425304,0.00712284,0.905022,
525.749,0,320,0,525.749,180,0,0,1,0.292726,0.0363566,0.955505,0.00402803,0.999221,-0.039254,-0.956188,0.0153395,0.292351,
488.671
2022-02-23-18-07-20:
438.685,0,320,0,438.685,180,0,0,1,0.250281,-0.0194311,-0.967978,-0.00416979,0.999768,-0.0211474,0.968165,0.00932905,0.250141,
474.621,0,320,0,474.621,180,0,0,1,0.910844,-0.00568578,-0.412712,0.00930772,0.999934,0.00676619,0.412646,-0.0100043,0.910837,
502.721,0,320,0,502.721,180,0,0,1,0.905,0.0138628,0.425185,-0.00951759,0.999879,-0.0123421,-0.425304,0.00712284,0.905022,
525.749,0,320,0,525.749,180,0,0,1,0.292726,0.0363566,0.955505,0.00402803,0.999221,-0.039254,-0.956188,0.0153395,0.292351,
488.671
2022-02-23-18-09-04:
438.685,0,320,0,438.685,180,0,0,1,0.250281,-0.0194311,-0.967978,-0.00416979,0.999768,-0.0211474,0.968165,0.00932905,0.250141,
474.621,0,320,0,474.621,180,0,0,1,0.910844,-0.00568578,-0.412712,0.00930772,0.999934,0.00676619,0.412646,-0.0100043,0.910837,
502.721,0,320,0,502.721,180,0,0,1,0.905,0.0138628,0.425185,-0.00951759,0.999879,-0.0123421,-0.425304,0.00712284,0.905022,
525.749,0,320,0,525.749,180,0,0,1,0.292726,0.0363566,0.955505,0.00402803,0.999221,-0.039254,-0.956188,0.0153395,0.292351,
488.671
2022-02-23-18-09-14:
438.685,0,320,0,438.685,180,0,0,1,0.250281,-0.0194311,-0.967978,-0.00416979,0.999768,-0.0211474,0.968165,0.00932905,0.250141,
474.621,0,320,0,474.621,180,0,0,1,0.910844,-0.00568578,-0.412712,0.00930772,0.999934,0.00676619,0.412646,-0.0100043,0.910837,
502.721,0,320,0,502.721,180,0,0,1,0.905,0.0138628,0.425185,-0.00951759,0.999879,-0.0123421,-0.425304,0.00712284,0.905022,
525.749,0,320,0,525.749,180,0,0,1,0.292726,0.0363566,0.955505,0.00402803,0.999221,-0.039254,-0.956188,0.0153395,0.292351,
488.671
2022-02-25-15-32-11:
481.243,0,320,0,481.243,180,0,0,1,0.350198,-0.00592698,-0.936657,0.0047624,0.999978,-0.00454709,0.936664,-0.00286835,0.350218,
527.068,0,320,0,527.068,180,0,0,1,0.927355,0.00809884,-0.374094,0.000175714,0.999756,0.0220795,0.374182,-0.0205413,0.927128,
568.441,0,320,0,568.441,180,0,0,1,0.918964,0.00283141,0.394331,-0.00509715,0.999976,0.00469847,-0.394308,-0.00632769,0.918957,
600.474,0,320,0,600.474,180,0,0,1,0.400068,0.0109081,0.916421,0.00713221,0.999862,-0.0150149,-0.916458,0.0125431,0.399935,
547.754
2022-02-25-15-32-47:
501.851,0,320,0,501.851,180,0,0,1,0.384508,-0.0176821,-0.922952,-0.00120858,0.999806,-0.0196579,0.923121,0.0086741,0.384412,
544.77,0,320,0,544.77,180,0,0,1,0.930795,-0.00502087,-0.365507,0.00816322,0.999942,0.00705245,0.36545,-0.0095481,0.930782,
581.046,0,320,0,581.046,180,0,0,1,0.923461,0.0132041,0.383465,-0.0107722,0.999906,-0.00848875,-0.383541,0.00370828,0.923516,
616.977,0,320,0,616.977,180,0,0,1,0.424672,0.025288,0.904994,0.00662657,0.999496,-0.0310382,-0.905323,0.0191781,0.424291,
562.908
2022-02-25-15-34-55:
499.063,0,320,0,499.063,180,0,0,1,0.382184,-0.0107417,-0.924024,0.00545035,0.999942,-0.00936996,0.92407,-0.0014552,0.382221,
546.018,0,320,0,546.018,180,0,0,1,0.930146,0.00508496,-0.367154,0.00149863,0.999843,0.0176441,0.367186,-0.0169618,0.929993,
578.898,0,320,0,578.898,180,0,0,1,0.923376,0.00783608,0.383816,-0.0081311,0.999967,-0.000853915,-0.38381,-0.00233237,0.923409,
607.764,0,320,0,607.764,180,0,0,1,0.420088,0.0148749,0.907361,0.0095956,0.999737,-0.0208319,-0.907433,0.0174579,0.419835,
562.458
2022-02-25-15-37-27:
501.471,0,320,0,501.471,180,0,0,1,0.379567,0.00203941,-0.925162,-0.00219425,0.999997,0.00130413,0.925161,0.00153503,0.379571,
546.117,0,320,0,546.117,180,0,0,1,0.929231,0.00269223,-0.369489,0.00790326,0.9996,0.0271594,0.369414,-0.0281575,0.928838,
574.42,0,320,0,574.42,180,0,0,1,0.922799,0.00439401,0.385256,-0.00926482,0.999899,0.0107876,-0.38517,-0.0135242,0.922747,
605.599,0,320,0,605.599,180,0,0,1,0.41584,0.00885322,0.909395,0.00490216,0.999916,-0.0119761,-0.909424,0.00943815,0.415762,
560.269
2022-02-25-15-37-47:
504.628,0,320,0,504.628,180,0,0,1,0.392788,-0.00814375,-0.919593,-0.00455815,0.999931,-0.0108021,0.919618,0.00843459,0.392724,
551.335,0,320,0,551.335,180,0,0,1,0.932137,-0.00545692,-0.362064,0.0117992,0.999813,0.0153083,0.361913,-0.0185415,0.932027,
586.148,0,320,0,586.148,180,0,0,1,0.924942,0.0113805,0.379938,-0.0124438,0.999922,0.000342461,-0.379904,-0.00504462,0.925012,
615.653,0,320,0,615.653,180,0,0,1,0.431937,0.0182464,0.901719,0.00532873,0.999726,-0.0227821,-0.901888,0.0146455,0.431721,
568.742
2022-02-25-15-38-08:
518.324,0,320,0,518.324,180,0,0,1,0.411281,-0.00757722,-0.911477,0.00181586,0.99997,-0.00749351,0.911507,0.00142682,0.411282,
559.354,0,320,0,559.354,180,0,0,1,0.933747,0.000462532,-0.357934,0.00668948,0.999802,0.0187429,0.357872,-0.0198955,0.933559,
596.088,0,320,0,596.088,180,0,0,1,0.926739,0.0107589,0.375552,-0.0122187,0.999924,0.00150551,-0.375508,-0.00598397,0.9268,
629.699,0,320,0,629.699,180,0,0,1,0.448163,0.0128903,0.893859,0.00966263,0.999768,-0.0192623,-0.8939,0.0172697,0.447935,
577.721
2022-02-25-15-39-19:
6193.6,0,320,0,6193.6,180,0,0,1,0.992644,0.0021947,-0.121051,-0.0127644,0.996161,-0.0866098,0.120396,0.0875179,0.988861,
6045.09,0,320,0,6045.09,180,0,0,1,0.999066,-0.00599795,-0.0427965,0.00233255,0.996362,-0.0851883,0.0431518,0.0850089,0.995445,
5946.83,0,320,0,5946.83,180,0,0,1,0.998869,-0.027007,0.0391376,0.0302729,0.995886,-0.0854121,-0.0366699,0.0865003,0.995577,
5671.56,0,320,0,5671.56,180,0,0,1,0.991713,0.0308812,0.12471,-0.0200649,0.996,-0.0870744,-0.1269,0.0838505,0.988365,
5995.96
2022-02-25-15-39-42:
6066.51,0,320,0,6066.51,180,0,0,1,0.991983,-0.0251114,-0.123849,-0.0092371,0.963027,-0.269247,0.126031,0.268233,0.955074,
5946.65,0,320,0,5946.65,180,0,0,1,0.998312,-0.0375546,-0.0443028,0.0244013,0.963435,-0.266829,0.0527035,0.265297,0.962725,
5719.67,0,320,0,5719.67,180,0,0,1,0.998474,0.037908,0.0401579,-0.0257628,0.962952,-0.268441,-0.0488462,0.266996,0.962459,
5580.09,0,320,0,5580.09,180,0,0,1,0.991456,0.0251344,0.127994,0.0106171,0.962453,-0.27124,-0.130006,0.270282,0.953964,
5833.16
2022-02-25-15-41-19:
5909.06,0,320,0,5909.06,180,0,0,1,0.991653,0.0156946,-0.127976,0.00482298,0.987354,0.158458,0.128845,-0.157753,0.979037,
5733.64,0,320,0,5733.64,180,0,0,1,0.998906,0.00993748,-0.0456924,-0.00247914,0.987038,0.16047,0.0466948,-0.160181,0.985983,
5527.77,0,320,0,5527.77,180,0,0,1,0.999137,0.00205008,0.041474,-0.00859683,0.987354,0.158298,-0.040625,-0.158518,0.98652,
5445.22,0,320,0,5445.22,180,0,0,1,0.99085,-0.0272146,0.132195,0.00634116,0.987765,0.15582,-0.134818,-0.153556,0.9789,
5630.7
2022-02-25-15-41-43:
487.808,0,320,0,487.808,180,0,0,1,0.358901,-0.00255477,-0.933372,-0.00515675,0.999976,-0.00471995,0.933361,0.00650716,0.358879,
533.62,0,320,0,533.62,180,0,0,1,0.927762,-0.00397522,-0.373152,0.0130791,0.999675,0.0218688,0.372944,-0.0251695,0.927512,
566.215,0,320,0,566.215,180,0,0,1,0.920505,0.0103068,0.390594,-0.0137577,0.999887,0.00603792,-0.390488,-0.0109316,0.920543,
595.578,0,320,0,595.578,180,0,0,1,0.401075,0.014492,0.915931,0.00593535,0.999813,-0.0184182,-0.916026,0.0128234,0.400914,
549.917
2022-02-25-15-44-19:
552.64,0,360,0,552.64,202.5,0,0,1,0.361143,-0.00702525,-0.932484,-0.00220072,0.999962,-0.00838594,0.932508,0.00508066,0.361114,
599.645,0,360,0,599.645,202.5,0,0,1,0.927894,-0.00290304,-0.372833,0.0111045,0.999741,0.019852,0.372679,-0.0225606,0.927686,
638.315,0,360,0,638.315,202.5,0,0,1,0.920497,0.0113369,0.390584,-0.0139408,0.999895,0.00383206,-0.3905,-0.00897247,0.920559,
674.428,0,360,0,674.428,202.5,0,0,1,0.40377,0.0152695,0.914733,0.00823129,0.99976,-0.0203222,-0.914823,0.0157349,0.403548,
618.98
2022-02-25-15-46-42:
589.404,0,360,0,589.404,202.5,0,0,1,0.423367,0.00069412,-0.905958,-0.000935372,1,0.000329061,0.905958,0.000708091,0.423367,
638.495,0,360,0,638.495,202.5,0,0,1,0.936337,0.00223852,-0.351094,0.00750839,0.999623,0.0263977,0.351021,-0.0273533,0.935968,
683.659,0,360,0,683.659,202.5,0,0,1,0.928677,0.00545671,0.370848,-0.0102999,0.999885,0.0110806,-0.370746,-0.0141101,0.928627,
723.058,0,360,0,723.058,202.5,0,0,1,0.463259,0.00584314,0.886204,0.00632678,0.999931,-0.00990029,-0.8862,0.0101932,0.46319,
661.077
2022-02-25-16-22-38:
652.317,0,360,0,652.317,202.5,0,0,1,0.42464,0.0105745,-0.905301,-0.000495535,0.999934,0.0114474,0.905362,-0.00441241,0.424617,
678.059,0,360,0,678.059,202.5,0,0,1,0.926382,0.0183687,-0.376137,-0.00138618,0.998969,0.0453708,0.376583,-0.0415093,0.925453,
685.66,0,360,0,685.66,202.5,0,0,1,0.928579,-0.00711578,0.371067,0.00254729,0.999915,0.0128004,-0.371127,-0.010941,0.928518,
692.52,0,360,0,692.52,202.5,0,0,1,0.413765,0.00492302,0.91037,-0.00210428,0.999988,-0.00445125,-0.910381,-7.39022e-05,0.41377,
681.86
2022-02-25-16-25-05:
606.987,0,360,0,606.987,202.5,0,0,1,0.338179,-0.00144153,-0.941081,-0.00270898,0.999993,-0.00250524,0.941078,0.00339659,0.338172,
618.703,0,360,0,618.703,202.5,0,0,1,0.912546,0.0137546,-0.408742,0.000467836,0.999399,0.0346753,0.408973,-0.031834,0.911991,
621.179,0,360,0,621.179,202.5,0,0,1,0.916093,-0.000951903,0.400964,0.00162429,0.999998,-0.00133704,-0.400962,0.00187614,0.916093,
620.783,0,360,0,620.783,202.5,0,0,1,0.315012,0.0208365,0.948859,-0.00317094,0.999776,-0.0209019,-0.949082,0.0035756,0.315008,
619.743
2022-02-25-16-28-29:
604.114,0,360,0,604.114,202.5,0,0,1,0.349141,0.00380011,-0.937063,-0.00457427,0.999987,0.00235096,0.937059,0.00346556,0.349154,
628.139,0,360,0,628.139,202.5,0,0,1,0.915334,0.00869407,-0.402601,0.00877242,0.999099,0.0415198,0.402599,-0.0415363,0.914433,
632.114,0,360,0,632.114,202.5,0,0,1,0.918314,0.00495035,0.395821,-0.00790963,0.999951,0.00584461,-0.395773,-0.00849798,0.918309,
629.454,0,360,0,629.454,202.5,0,0,1,0.330122,0.0134093,0.943843,0.00251681,0.999883,-0.0150858,-0.943935,0.00735564,0.33005,
628.797
2022-02-25-16-31-11:
664.408,0,360,0,664.408,202.5,0,0,1,0.46806,-0.0193255,-0.883485,0.0158272,0.999784,-0.0134844,0.883555,-0.00767157,0.468265,
671.946,0,360,0,671.946,202.5,0,0,1,0.932456,0.00740048,-0.361209,-0.00363403,0.999932,0.0111055,0.361266,-0.00904274,0.932419,
671.863,0,360,0,671.863,202.5,0,0,1,0.936276,0.0164574,0.35088,-0.0136421,0.999852,-0.0104942,-0.351001,0.00503872,0.936362,
665.072,0,360,0,665.072,202.5,0,0,1,0.448086,0.0177529,0.893814,0.0195347,0.99937,-0.0296425,-0.893777,0.0307428,0.447457,
668.468
2022-02-25-16-35-13:
556.92,0,360,0,556.92,202.5,0,0,1,0.341691,-0.0161615,-0.939674,-0.00136952,0.999842,-0.0176943,0.939812,0.00733288,0.341615,
595.965,0,360,0,595.965,202.5,0,0,1,0.92793,-0.00837051,-0.37266,0.0140647,0.999822,0.0125637,0.372489,-0.0168996,0.927883,
631.618,0,360,0,631.618,202.5,0,0,1,0.917381,0.0198372,0.397515,-0.0193034,0.999799,-0.00534471,-0.397542,-0.00277027,0.91758,
683.722,0,360,0,683.722,202.5,0,0,1,0.40338,0.0197994,0.914818,0.0127065,0.999548,-0.027236,-0.914944,0.0226106,0.402946,
613.792
2022-02-25-16-35-41:
334.565,0,360,0,334.565,202.5,0,0,1,-0.793012,-0.308458,0.525343,0.331847,-0.941893,-0.0521095,0.51089,0.13301,0.849294,
488.824,0,360,0,488.824,202.5,0,0,1,0.515202,-0.128744,-0.847344,-0.101037,0.972636,-0.209213,0.851093,0.1934,0.488096,
551.184,0,360,0,551.184,202.5,0,0,1,0.983813,-0.132257,-0.12091,0.102802,0.969221,-0.223704,0.146775,0.207653,0.967128,
334.565,0,360,0,334.565,202.5,0,0,1,0.881013,-0.166271,0.442912,0.242987,0.962318,-0.122076,-0.405924,0.215172,0.888216,
411.695
2022-02-25-16-36-37:
368.449,0,360,0,368.449,202.5,0,0,1,0.611008,0.0610638,-0.789266,-0.0168502,0.997798,0.064153,0.791445,-0.0258988,0.610692,
650.584,0,360,0,650.584,202.5,0,0,1,0.929045,-0.000382296,-0.369966,0.0169933,0.998988,0.0416406,0.369576,-0.044973,0.928112,
714.509,0,360,0,714.509,202.5,0,0,1,0.945003,-0.0102208,0.326903,-0.00109157,0.999407,0.0344026,-0.327061,-0.0328674,0.944431,
773.958,0,360,0,773.958,202.5,0,0,1,0.554221,-0.00827719,0.832328,-0.00804803,0.99985,0.0153021,-0.832331,-0.0151793,0.554072,
682.547
2022-02-25-16-37-01:
441.073,0,360,0,441.073,202.5,0,0,1,0.742546,-0.619075,-0.255677,-0.0427585,0.337133,-0.940486,0.668428,0.709286,0.223866,
655.549,0,360,0,655.549,202.5,0,0,1,0.855376,0.0182232,-0.517688,0.0421038,0.993628,0.104545,0.516294,-0.111222,0.849158,
771.192,0,360,0,771.192,202.5,0,0,1,0.990822,-0.0192723,0.133789,0.00472294,0.994115,0.108225,-0.135087,-0.1066,0.985083,
880.504,0,360,0,880.504,202.5,0,0,1,0.766998,-0.051541,0.639576,-0.0116611,0.995484,0.0942066,-0.641543,-0.0797145,0.762934,
713.371
2022-02-25-16-37-30:
571.686,0,360,0,571.686,202.5,0,0,1,0.424805,-0.0452513,-0.904153,-0.0133713,0.998327,-0.0562469,0.905186,0.0359837,0.42349,
630.372,0,360,0,630.372,202.5,0,0,1,0.939294,-0.0268729,-0.342059,0.0175582,0.999387,-0.0302991,0.342664,0.0224538,0.93919,
701.632,0,360,0,701.632,202.5,0,0,1,0.926978,0.0236318,0.374371,-0.0103327,0.999243,-0.0374917,-0.374973,0.0308858,0.926521,
764.597,0,360,0,764.597,202.5,0,0,1,0.487087,0.0513628,0.871842,-0.00253342,0.998348,-0.0574002,-0.87335,0.0257501,0.486412,
666.002
2022-02-25-16-37-51:
589.404,0,360,0,589.404,202.5,0,0,1,0.423367,0.00069412,-0.905958,-0.000935372,1,0.000329061,0.905958,0.000708091,0.423367,
638.495,0,360,0,638.495,202.5,0,0,1,0.936337,0.00223852,-0.351094,0.00750839,0.999623,0.0263977,0.351021,-0.0273533,0.935968,
683.659,0,360,0,683.659,202.5,0,0,1,0.928677,0.00545671,0.370848,-0.0102999,0.999885,0.0110806,-0.370746,-0.0141101,0.928627,
723.058,0,360,0,723.058,202.5,0,0,1,0.463259,0.00584314,0.886204,0.00632678,0.999931,-0.00990029,-0.8862,0.0101932,0.46319,
661.077
2022-02-25-16-51-11:
532.382,0,360,0,532.382,202.5,0,0,1,0.343367,-0.00862695,-0.939162,-0.00102862,0.999954,-0.00956145,0.939201,0.00424913,0.343342,
583.232,0,360,0,583.232,202.5,0,0,1,0.926553,-0.000420009,-0.376163,0.00682245,0.999854,0.0156885,0.376101,-0.0171025,0.926421,
626.272,0,360,0,626.272,202.5,0,0,1,0.916309,0.00908819,0.400369,-0.00901745,0.999957,-0.0020607,-0.400371,-0.00172207,0.916352,
692.853,0,360,0,692.853,202.5,0,0,1,0.403044,0.0203001,0.914955,0.0056931,0.999679,-0.0246877,-0.915163,0.0151592,0.402799,
604.752
2022-02-25-16-53-17:
521.023,0,360,0,521.023,202.5,0,0,1,0.333109,-0.0208496,-0.942658,-0.0104031,0.999613,-0.0257855,0.942831,0.0183959,0.332763,
588.708,0,360,0,588.708,202.5,0,0,1,0.924334,-0.0167799,-0.381216,0.0179851,0.999838,-0.000401126,0.381162,-0.00648544,0.924486,
623.88,0,360,0,623.88,202.5,0,0,1,0.916716,0.0202559,0.399026,-0.0158625,0.999772,-0.0143097,-0.399225,0.00678838,0.916828,
658.114,0,360,0,658.114,202.5,0,0,1,0.378608,0.0362086,0.924848,0.00365145,0.999168,-0.0406131,-0.92555,0.0187535,0.378161,
606.294
2022-02-25-16-54-15:
524.71,0,360,0,524.71,202.5,0,0,1,0.333483,-0.0252705,-0.942418,-0.0104768,0.99948,-0.0305079,0.942698,0.0200474,0.333045,
588.344,0,360,0,588.344,202.5,0,0,1,0.923384,-0.020206,-0.383344,0.0202634,0.999787,-0.0038889,0.383341,-0.00417693,0.923597,
620.596,0,360,0,620.596,202.5,0,0,1,0.916425,0.0249146,0.399431,-0.0190287,0.999644,-0.018695,-0.399755,0.00953191,0.916573,
653.981,0,360,0,653.981,202.5,0,0,1,0.374584,0.0399824,0.926331,0.00592995,0.998946,-0.0455145,-0.927174,0.0225421,0.373952,
604.47
2022-02-25-15-46-42:
589.404,0,360,0,589.404,202.5,0,0,1,0.423367,0.00069412,-0.905958,-0.000935372,1,0.000329061,0.905958,0.000708091,0.423367,
638.495,0,360,0,638.495,202.5,0,0,1,0.936337,0.00223852,-0.351094,0.00750839,0.999623,0.0263977,0.351021,-0.0273533,0.935968,
683.659,0,360,0,683.659,202.5,0,0,1,0.928677,0.00545671,0.370848,-0.0102999,0.999885,0.0110806,-0.370746,-0.0141101,0.928627,
723.058,0,360,0,723.058,202.5,0,0,1,0.463259,0.00584314,0.886204,0.00632678,0.999931,-0.00990029,-0.8862,0.0101932,0.46319,
661.077
2022-02-25-16-55-46:
512.874,0,360,0,512.874,202.5,0,0,1,0.318778,-0.0230237,-0.94755,-0.0102179,0.999563,-0.0277251,0.947774,0.0185201,0.318403,
580.687,0,360,0,580.687,202.5,0,0,1,0.922388,-0.0201953,-0.385736,0.0214283,0.99977,-0.00110305,0.38567,-0.00724822,0.922608,
614.982,0,360,0,614.982,202.5,0,0,1,0.914568,0.0258391,0.403606,-0.0211099,0.999646,-0.016163,-0.403881,0.00626203,0.91479,
651.037,0,360,0,651.037,202.5,0,0,1,0.366432,0.0377235,0.92968,0.00763735,0.999022,-0.0435474,-0.930414,0.0230574,0.365785,
597.834
2022-02-25-16-57-23:
567.199,0,360,0,567.199,202.5,0,0,1,0.40179,-0.0247075,-0.915399,-0.0104275,0.999448,-0.0315529,0.915673,0.0222229,0.40131,
627.746,0,360,0,627.746,202.5,0,0,1,0.931388,-0.021258,-0.363407,0.0211661,0.999767,-0.0042353,0.363413,-0.00374723,0.931621,
659.675,0,360,0,659.675,202.5,0,0,1,0.925092,0.025134,0.37891,-0.0197121,0.99964,-0.0181822,-0.379231,0.0093511,0.925255,
698.206,0,360,0,698.206,202.5,0,0,1,0.43455,0.0367797,0.899896,0.00623934,0.999019,-0.0438438,-0.900626,0.0246671,0.433895,
643.711
2022-02-25-17-00-54:
602.201,0,360,0,602.201,202.5,0,0,1,0.448847,-0.011717,-0.893532,-0.00497994,0.999866,-0.015613,0.893595,0.0114576,0.448728,
653.378,0,360,0,653.378,202.5,0,0,1,0.937589,0.00051859,-0.347745,0.00117654,0.999988,0.00466346,0.347743,-0.00478154,0.937578,
694.867,0,360,0,694.867,202.5,0,0,1,0.932181,-0.00173936,0.36199,0.00450401,0.999967,-0.0067937,-0.361966,0.00796336,0.932157,
728.024,0,360,0,728.024,202.5,0,0,1,0.475617,0.025348,0.879287,-0.00644734,0.999658,-0.0253306,-0.879629,0.00637861,0.475618,
674.123
2022-02-25-17-15-59:
530.95,0,360,0,530.95,202.5,0,0,1,0.339462,-0.0025466,-0.940617,0.000238816,0.999997,-0.00262118,0.94062,0.000665157,0.339461,
591.905,0,360,0,591.905,202.5,0,0,1,0.922638,-0.00106801,-0.385666,0.0106631,0.999685,0.0227412,0.38552,-0.0250943,0.922358,
626.642,0,360,0,626.642,202.5,0,0,1,0.921968,0.0117983,0.387087,-0.0147352,0.999881,0.00462036,-0.386986,-0.0099636,0.922032,
658.543,0,360,0,658.543,202.5,0,0,1,0.343044,0.0152219,0.939196,0.0106871,0.999741,-0.0201066,-0.939259,0.0169347,0.342792,
609.274
2022-02-25-17-20-41:
541.048,0,360,0,541.048,202.5,0,0,1,0.342653,-0.00394732,-0.939454,2.66348e-05,0.999991,-0.00419196,0.939462,0.00141136,0.34265,
581.378,0,360,0,581.378,202.5,0,0,1,0.925827,0.00851724,-0.377851,-0.000424948,0.999769,0.0214949,0.377946,-0.01974,0.925617,
629.851,0,360,0,629.851,202.5,0,0,1,0.917504,-0.00193392,0.397722,0.000591334,0.999994,0.00349832,-0.397727,-0.00297453,0.917499,
665.199,0,360,0,665.199,202.5,0,0,1,0.392543,0.0166924,0.919582,-0.000403262,0.999838,-0.0179771,-0.919734,0.00668593,0.392486,
605.615
2022-02-25-17-27-38:
491.74,0,360,0,491.74,202.5,0,0,1,0.227588,0.0290101,-0.973325,-0.0316328,0.999249,0.0223862,0.973244,0.0256941,0.228335,
561.728,0,360,0,561.728,202.5,0,0,1,0.909647,0.0110525,-0.415235,0.00975302,0.998802,0.0479513,0.415268,-0.0476686,0.908449,
609.589,0,360,0,609.589,202.5,0,0,1,0.902061,-0.0147372,0.431356,0.0082884,0.999824,0.0168258,-0.431529,-0.0116027,0.902025,
648.681,0,360,0,648.681,202.5,0,0,1,0.288806,0.0187518,0.957204,-0.0316796,0.999448,-0.010021,-0.956863,-0.0274297,0.28924,
585.658
2022-02-25-17-28-17:
513.965,0,360,0,513.965,202.5,0,0,1,0.173434,0.0152465,-0.984728,0.00103157,0.999877,0.0156627,0.984845,-0.00373226,0.173397,
533.259,0,360,0,533.259,202.5,0,0,1,0.890564,0.0294845,-0.453902,-0.00484498,0.998455,0.0553516,0.454833,-0.047095,0.889331,
550.751,0,360,0,550.751,202.5,0,0,1,0.892096,-0.00926728,0.451751,0.00529155,0.999935,0.0100633,-0.451815,-0.00658699,0.892087,
543.733,0,360,0,543.733,202.5,0,0,1,0.161241,0.00844383,0.986879,-0.00362593,0.999962,-0.00796333,-0.986908,-0.00229433,0.161265,
538.496
2022-02-25-17-30-02:
604.718,0,360,0,604.718,202.5,0,0,1,0.338549,0.0133291,-0.940854,-0.000498932,0.999902,0.0139861,0.940949,-0.00426554,0.338522,
618.992,0,360,0,618.992,202.5,0,0,1,0.912989,0.0246055,-0.407242,-0.00503871,0.998784,0.0490502,0.407953,-0.0427303,0.912002,
629.73,0,360,0,629.73,202.5,0,0,1,0.916427,-0.0113635,0.400039,0.00718015,0.999903,0.0119546,-0.400136,-0.00808316,0.91642,
623.559,0,360,0,623.559,202.5,0,0,1,0.318045,0.00598283,0.948057,-0.00569372,0.999974,-0.00440039,-0.948059,-0.00399844,0.318071,
621.276
2022-02-25-17-33-14:
462.023,0,360,0,462.023,202.5,0,0,1,-0.47298,-0.0993159,-0.875458,0.0687037,0.986444,-0.149025,0.87839,-0.130633,-0.459745,
520.926,0,360,0,520.926,202.5,0,0,1,0.85737,-0.00972701,-0.514609,0.00734802,0.999951,-0.00665857,0.514648,0.00192749,0.857399,
539.181,0,360,0,539.181,202.5,0,0,1,0.910147,0.00103712,0.414285,0.0144368,0.99931,-0.0342181,-0.414035,0.0371244,0.909504,
553.655,0,360,0,553.655,202.5,0,0,1,0.218666,0.00599296,0.975781,0.059707,0.998025,-0.0195095,-0.973972,0.0625271,0.217876,
530.054
2022-02-25-17-33-37:
694.867,0,360,0,694.867,202.5,0,0,1,0.73949,-0.401358,0.540431,-0.196555,0.639097,0.743587,-0.643833,-0.656099,0.393717,
902.941,0,360,0,902.941,202.5,0,0,1,0.720801,-0.0461661,-0.691603,-0.102898,0.979597,-0.172633,0.685462,0.195599,0.701344,
924.659,0,360,0,924.659,202.5,0,0,1,0.981783,-0.0669027,-0.177835,0.0260559,0.974522,-0.222773,0.188208,0.214082,0.958513,
1068.7,0,360,0,1068.7,202.5,0,0,1,0.93321,-0.144481,0.329006,0.207819,0.963953,-0.166153,-0.29314,0.223429,0.929596,
913.8
2022-02-25-17-34-11:
378.171,0,360,0,378.171,202.5,0,0,1,0.604534,-0.79334,-0.0717708,0.159606,0.208906,-0.964824,0.780426,0.571814,0.252912,
573.461,0,360,0,573.461,202.5,0,0,1,0.700292,0.0589473,-0.711419,-0.141812,0.98821,-0.0577116,0.699629,0.141302,0.700394,
587.884,0,360,0,587.884,202.5,0,0,1,0.995326,0.0413282,0.0872831,-0.0258178,0.98478,-0.171878,-0.093058,0.168821,0.981244,
378.171,0,360,0,378.171,202.5,0,0,1,0.716175,0.0529884,0.695907,0.039822,0.992387,-0.116545,-0.696784,0.111179,0.708612,
475.816
2022-02-25-17-35-01:
304.679,0,360,0,304.679,202.5,0,0,1,0.151784,-0.496143,0.854871,0.0880777,-0.854662,-0.51166,0.984482,0.152957,-0.0860251,
567.781,0,360,0,567.781,202.5,0,0,1,0.287007,0.000761171,-0.957928,-0.0934351,0.995254,-0.0272034,0.953361,0.0973117,0.285716,
577.364,0,360,0,577.364,202.5,0,0,1,0.925791,-0.0503905,-0.374663,0.0109988,0.994248,-0.106544,0.377876,0.0945164,0.921019,
590.066,0,360,0,590.066,202.5,0,0,1,0.87691,0.0530289,0.47772,0.00372369,0.993116,-0.117075,-0.48064,0.104443,0.870676,
572.573
2022-02-25-17-35-16:
574.579,0,360,0,574.579,202.5,0,0,1,0.29409,-0.00143495,-0.955777,-0.0380916,0.999187,-0.0132208,0.955018,0.0402952,0.293797,
592.801,0,360,0,592.801,202.5,0,0,1,0.907453,0.00968741,-0.420041,-0.00848198,0.999953,0.00473753,0.420067,-0.000736302,0.907493,
597.862,0,360,0,597.862,202.5,0,0,1,0.907823,-0.0277613,0.418434,0.0391488,0.999059,-0.0186529,-0.417523,0.0333147,0.908056,
616.921,0,360,0,616.921,202.5,0,0,1,0.283022,0.0575809,0.957383,-0.0587968,0.997361,-0.0426038,-0.95731,-0.0442333,0.28566,
595.332
2022-02-25-17-35-34:
599.304,0,360,0,599.304,202.5,0,0,1,0.343984,-0.00419624,-0.938966,-0.0342627,0.999268,-0.0170176,0.93835,0.0380253,0.343588,
622.461,0,360,0,622.461,202.5,0,0,1,0.915265,0.00619045,-0.402805,-0.00526272,0.99998,0.00340998,0.402818,-0.00100119,0.91528,
631.347,0,360,0,631.347,202.5,0,0,1,0.915638,-0.0266934,0.401117,0.0372334,0.999135,-0.0185032,-0.400277,0.0318772,0.91584,
646.86,0,360,0,646.86,202.5,0,0,1,0.334647,0.0564062,0.940654,-0.0522631,0.997782,-0.0412387,-0.940893,-0.0353611,0.336853,
626.904
2022-02-25-17-35-49:
574.359,0,360,0,574.359,202.5,0,0,1,0.288804,-0.00941158,-0.957342,-0.0393352,0.998991,-0.0216874,0.95658,0.0439206,0.288142,
590.427,0,360,0,590.427,202.5,0,0,1,0.90549,0.00581952,-0.424327,-0.00796244,0.999963,-0.0032772,0.424292,0.00634616,0.905503,
590.563,0,360,0,590.563,202.5,0,0,1,0.907064,-0.0229495,0.420368,0.0378556,0.998914,-0.0271497,-0.419288,0.0405397,0.906948,
600.044,0,360,0,600.044,202.5,0,0,1,0.266671,0.0691818,0.961301,-0.0591264,0.996716,-0.0553284,-0.961972,-0.0420838,0.269886,
590.495
2022-02-25-17-36-28:
635.691,0,360,0,635.691,202.5,0,0,1,0.383998,-0.0127314,-0.923246,-0.0559788,0.997745,-0.0370415,0.921635,0.0659061,0.382419,
654.05,0,360,0,654.05,202.5,0,0,1,0.917461,-0.00816453,-0.397742,-0.00169416,0.9997,-0.0244289,0.397823,0.0230864,0.917172,
669.767,0,360,0,669.767,202.5,0,0,1,0.927671,-0.0309863,0.372111,0.0493848,0.997978,-0.0400128,-0.370118,0.0554953,0.927325,
541.547,0,360,0,541.547,202.5,0,0,1,0.306234,-0.0764925,0.948878,-0.0743317,0.991802,0.103942,-0.94905,-0.102362,0.298038,
644.87
2022-02-25-17-36-44:
605.01,0,360,0,605.01,202.5,0,0,1,0.348892,-0.00368654,-0.937155,-0.0305609,0.999416,-0.0153089,0.936664,0.0339815,0.348576,
624.744,0,360,0,624.744,202.5,0,0,1,0.91594,0.00255572,-0.401307,0.00131863,0.999955,0.00937783,0.401313,-0.00911871,0.915895,
638.023,0,360,0,638.023,202.5,0,0,1,0.916568,-0.0167712,0.399527,0.0254213,0.999543,-0.0163613,-0.39907,0.0251528,0.916575,
646.196,0,360,0,646.196,202.5,0,0,1,0.340154,0.0519097,0.938936,-0.040704,0.998352,-0.0404485,-0.939488,-0.0244597,0.341707,
631.384
2022-02-25-17-37-05:
592.768,0,360,0,592.768,202.5,0,0,1,0.328837,-0.0134622,-0.94429,-0.0334211,0.999106,-0.0258822,0.943795,0.0400702,0.328094,
612.765,0,360,0,612.765,202.5,0,0,1,0.912866,-0.00713544,-0.408197,0.00813375,0.999967,0.000709983,0.408179,-0.00396829,0.912893,
625.798,0,360,0,625.798,202.5,0,0,1,0.913409,-0.00521522,0.407009,0.0168849,0.999543,-0.0250854,-0.406692,0.0297855,0.91308,
635.574,0,360,0,635.574,202.5,0,0,1,0.319922,0.0609907,0.945479,-0.0370644,0.997968,-0.0518351,-0.946719,-0.0184604,0.321532,
619.281
2022-02-25-17-37-50:
595.816,0,360,0,595.816,202.5,0,0,1,0.344378,-0.00966513,-0.938781,-0.0347472,0.999131,-0.0230329,0.938188,0.0405521,0.343742,
620.046,0,360,0,620.046,202.5,0,0,1,0.9169,-0.00710146,-0.399054,0.00848648,0.999962,0.00170418,0.399027,-0.00494913,0.916926,
641.501,0,360,0,641.501,202.5,0,0,1,0.916137,-0.00903577,0.400763,0.0193775,0.999575,-0.0217599,-0.400396,0.0277008,0.915923,
652.81,0,360,0,652.81,202.5,0,0,1,0.344239,0.0582586,0.937073,-0.0394134,0.99809,-0.0475733,-0.938054,-0.0205566,0.345878,
630.774
2022-02-25-18-41-18:
563.819,0,360,0,563.819,202.5,0,0,1,0.295617,0.00565554,-0.95529,0.00772629,0.999936,0.00831078,0.955275,-0.00983765,0.295554,
600.865,0,360,0,600.865,202.5,0,0,1,0.908133,0.0285011,-0.41771,-0.010301,0.998899,0.0457617,0.418555,-0.0372549,0.907427,
602.752,0,360,0,602.752,202.5,0,0,1,0.910697,-0.0103157,0.412945,0.0078146,0.99994,0.00774522,-0.413,-0.00382654,0.910723,
599.75,0,360,0,599.75,202.5,0,0,1,0.279709,0.00760811,0.960055,-0.000164784,0.999969,-0.00787641,-0.960085,0.00204491,0.279702,
600.308
2022-02-25-18-52-31:
639.801,0,360,0,639.801,202.5,0,0,1,0.4162,-0.0157752,-0.909136,-0.0106264,0.999697,-0.0222113,0.909211,0.0189052,0.415906,
668.821,0,360,0,668.821,202.5,0,0,1,0.926758,-0.00678774,-0.375599,0.0130548,0.999815,0.0141431,0.375433,-0.0180106,0.926675,
688,0,360,0,688,202.5,0,0,1,0.92732,0.0130189,0.374042,-0.00728672,0.999833,-0.016735,-0.374198,0.0127932,0.927261,
697.207,0,360,0,697.207,202.5,0,0,1,0.411703,0.0337537,0.910693,-0.00223158,0.999348,-0.0360308,-0.911315,0.0128017,0.41151,
678.411
2022-02-25-18-54-16:
379.959,0,360,0,379.959,202.5,0,0,1,0.0128914,-0.834969,0.550146,0.19858,-0.537095,-0.819814,0.98,0.119816,0.158884,
768.135,0,360,0,768.135,202.5,0,0,1,0.603942,-0.0149752,-0.796888,-0.163428,0.976253,-0.142204,0.780094,0.216116,0.587152,
750.211,0,360,0,750.211,202.5,0,0,1,0.975459,-0.028226,-0.218366,-0.0265383,0.969447,-0.24386,0.218577,0.24367,0.944907,
762.663,0,360,0,762.663,202.5,0,0,1,0.884999,-0.0212377,0.465108,0.137885,0.966103,-0.21825,-0.444707,0.257283,0.857928,
756.437
2022-02-25-18-54-44:
623.57,0,360,0,623.57,202.5,0,0,1,0.384045,-0.0300833,-0.922824,-0.0198943,0.998967,-0.0408448,0.9231,0.0340452,0.38305,
652.58,0,360,0,652.58,202.5,0,0,1,0.920048,-0.0147718,-0.391526,0.0119492,0.999882,-0.00964502,0.391623,0.00419548,0.920116,
649.942,0,360,0,649.942,202.5,0,0,1,0.922607,0.0121745,0.385549,0.00261663,0.999281,-0.0378159,-0.385733,0.035898,0.921912,
658.679,0,360,0,658.679,202.5,0,0,1,0.365326,0.0621738,0.928801,-0.0157874,0.998037,-0.0605988,-0.930746,0.0074749,0.36559,
651.261
2022-02-25-19-01-22:
560.505,0,360,0,560.505,202.5,0,0,1,0.522685,0.00846333,-0.852484,-0.0104495,0.999939,0.00352031,0.852462,0.00706803,0.522742,
652.365,0,360,0,652.365,202.5,0,0,1,0.911784,0.00546473,-0.410633,0.0037189,0.999761,0.0215625,0.410653,-0.0211874,0.911546,
683.819,0,360,0,683.819,202.5,0,0,1,0.933242,-0.00395592,0.359226,0.00727451,0.999942,-0.00788693,-0.359174,0.0099736,0.933217,
705.291,0,360,0,705.291,202.5,0,0,1,0.42689,0.0273105,0.903891,-0.0110518,0.999627,-0.0249835,-0.904236,0.000675594,0.427033,
668.092
2022-02-25-15-41-43:
487.808,0,320,0,487.808,180,0,0,1,0.358901,-0.00255477,-0.933372,-0.00515675,0.999976,-0.00471995,0.933361,0.00650716,0.358879,
533.62,0,320,0,533.62,180,0,0,1,0.927762,-0.00397522,-0.373152,0.0130791,0.999675,0.0218688,0.372944,-0.0251695,0.927512,
566.215,0,320,0,566.215,180,0,0,1,0.920505,0.0103068,0.390594,-0.0137577,0.999887,0.00603792,-0.390488,-0.0109316,0.920543,
595.578,0,320,0,595.578,180,0,0,1,0.401075,0.014492,0.915931,0.00593535,0.999813,-0.0184182,-0.916026,0.0128234,0.400914,
549.917
2022-02-25-15-46-42:
589.404,0,360,0,589.404,202.5,0,0,1,0.423367,0.00069412,-0.905958,-0.000935372,1,0.000329061,0.905958,0.000708091,0.423367,
638.495,0,360,0,638.495,202.5,0,0,1,0.936337,0.00223852,-0.351094,0.00750839,0.999623,0.0263977,0.351021,-0.0273533,0.935968,
683.659,0,360,0,683.659,202.5,0,0,1,0.928677,0.00545671,0.370848,-0.0102999,0.999885,0.0110806,-0.370746,-0.0141101,0.928627,
723.058,0,360,0,723.058,202.5,0,0,1,0.463259,0.00584314,0.886204,0.00632678,0.999931,-0.00990029,-0.8862,0.0101932,0.46319,
661.077
2022-03-01-19-24-39:
589.404,0,360,0,589.404,202.5,0,0,1,0.423367,0.00069412,-0.905958,-0.000935372,1,0.000329061,0.905958,0.000708091,0.423367,
638.495,0,360,0,638.495,202.5,0,0,1,0.936337,0.00223852,-0.351094,0.00750839,0.999623,0.0263977,0.351021,-0.0273533,0.935968,
683.659,0,360,0,683.659,202.5,0,0,1,0.928677,0.00545671,0.370848,-0.0102999,0.999885,0.0110806,-0.370746,-0.0141101,0.928627,
723.058,0,360,0,723.058,202.5,0,0,1,0.463259,0.00584314,0.886204,0.00632678,0.999931,-0.00990029,-0.8862,0.0101932,0.46319,
661.077
2022-02-25-15-41-43:
487.808,0,320,0,487.808,180,0,0,1,0.358901,-0.00255477,-0.933372,-0.00515675,0.999976,-0.00471995,0.933361,0.00650716,0.358879,
533.62,0,320,0,533.62,180,0,0,1,0.927762,-0.00397522,-0.373152,0.0130791,0.999675,0.0218688,0.372944,-0.0251695,0.927512,
566.215,0,320,0,566.215,180,0,0,1,0.920505,0.0103068,0.390594,-0.0137577,0.999887,0.00603792,-0.390488,-0.0109316,0.920543,
595.578,0,320,0,595.578,180,0,0,1,0.401075,0.014492,0.915931,0.00593535,0.999813,-0.0184182,-0.916026,0.0128234,0.400914,
549.917
2022-03-02-09-34-39:
446.925,0,320,0,446.925,180,0,0,1,0.271406,-0.0161177,-0.96233,0.000427558,0.999862,-0.0166257,0.962465,0.00410087,0.271375,
488.251,0,320,0,488.251,180,0,0,1,0.912366,-0.000190331,-0.409375,0.00513441,0.999927,0.0109781,0.409343,-0.0121179,0.9123,
506.31,0,320,0,506.31,180,0,0,1,0.90767,0.00968512,0.419574,-0.00724317,0.999946,-0.00741275,-0.419623,0.00368929,0.907691,
531.301,0,320,0,531.301,180,0,0,1,0.30431,0.0289833,0.952132,0.00582919,0.999462,-0.0322871,-0.952555,0.0153755,0.303978,
497.28
2022-03-02-09-38-29:
446.925,0,320,0,446.925,180,0,0,1,0.271406,-0.0161177,-0.96233,0.000427558,0.999862,-0.0166257,0.962465,0.00410087,0.271375,
488.251,0,320,0,488.251,180,0,0,1,0.912366,-0.000190331,-0.409375,0.00513441,0.999927,0.0109781,0.409343,-0.0121179,0.9123,
506.31,0,320,0,506.31,180,0,0,1,0.90767,0.00968512,0.419574,-0.00724317,0.999946,-0.00741275,-0.419623,0.00368929,0.907691,
531.301,0,320,0,531.301,180,0,0,1,0.30431,0.0289833,0.952132,0.00582919,0.999462,-0.0322871,-0.952555,0.0153755,0.303978,
497.28
2022-03-02-09-40-05:
446.925,0,320,0,446.925,180,0,0,1,0.271406,-0.0161177,-0.96233,0.000427558,0.999862,-0.0166257,0.962465,0.00410087,0.271375,
488.251,0,320,0,488.251,180,0,0,1,0.912366,-0.000190331,-0.409375,0.00513441,0.999927,0.0109781,0.409343,-0.0121179,0.9123,
506.31,0,320,0,506.31,180,0,0,1,0.90767,0.00968512,0.419574,-0.00724317,0.999946,-0.00741275,-0.419623,0.00368929,0.907691,
531.301,0,320,0,531.301,180,0,0,1,0.30431,0.0289833,0.952132,0.00582919,0.999462,-0.0322871,-0.952555,0.0153755,0.303978,
497.28
2022-03-02-09-42-04:
446.925,0,320,0,446.925,180,0,0,1,0.271406,-0.0161177,-0.96233,0.000427558,0.999862,-0.0166257,0.962465,0.00410087,0.271375,
488.251,0,320,0,488.251,180,0,0,1,0.912366,-0.000190331,-0.409375,0.00513441,0.999927,0.0109781,0.409343,-0.0121179,0.9123,
506.31,0,320,0,506.31,180,0,0,1,0.90767,0.00968512,0.419574,-0.00724317,0.999946,-0.00741275,-0.419623,0.00368929,0.907691,
531.301,0,320,0,531.301,180,0,0,1,0.30431,0.0289833,0.952132,0.00582919,0.999462,-0.0322871,-0.952555,0.0153755,0.303978,
497.28
2022-03-02-09-43-42:
446.925,0,320,0,446.925,180,0,0,1,0.271406,-0.0161177,-0.96233,0.000427558,0.999862,-0.0166257,0.962465,0.00410087,0.271375,
488.251,0,320,0,488.251,180,0,0,1,0.912366,-0.000190331,-0.409375,0.00513441,0.999927,0.0109781,0.409343,-0.0121179,0.9123,
506.31,0,320,0,506.31,180,0,0,1,0.90767,0.00968512,0.419574,-0.00724317,0.999946,-0.00741275,-0.419623,0.00368929,0.907691,
531.301,0,320,0,531.301,180,0,0,1,0.30431,0.0289833,0.952132,0.00582919,0.999462,-0.0322871,-0.952555,0.0153755,0.303978,
497.28
2022-03-02-11-26-20:
487.808,0,320,0,487.808,180,0,0,1,0.358901,-0.00255477,-0.933372,-0.00515675,0.999976,-0.00471995,0.933361,0.00650716,0.358879,
533.62,0,320,0,533.62,180,0,0,1,0.927762,-0.00397522,-0.373152,0.0130791,0.999675,0.0218688,0.372944,-0.0251695,0.927512,
566.215,0,320,0,566.215,180,0,0,1,0.920505,0.0103068,0.390594,-0.0137577,0.999887,0.00603792,-0.390488,-0.0109316,0.920543,
595.578,0,320,0,595.578,180,0,0,1,0.401075,0.014492,0.915931,0.00593535,0.999813,-0.0184182,-0.916026,0.0128234,0.400914,
549.917
2022-03-02-11-29-26:
487.808,0,320,0,487.808,180,0,0,1,0.358901,-0.00255477,-0.933372,-0.00515675,0.999976,-0.00471995,0.933361,0.00650716,0.358879,
533.62,0,320,0,533.62,180,0,0,1,0.927762,-0.00397522,-0.373152,0.0130791,0.999675,0.0218688,0.372944,-0.0251695,0.927512,
566.215,0,320,0,566.215,180,0,0,1,0.920505,0.0103068,0.390594,-0.0137577,0.999887,0.00603792,-0.390488,-0.0109316,0.920543,
595.578,0,320,0,595.578,180,0,0,1,0.401075,0.014492,0.915931,0.00593535,0.999813,-0.0184182,-0.916026,0.0128234,0.400914,
549.917
2022-03-03-15-26-40:
487.808,0,320,0,487.808,180,0,0,1,0.358901,-0.00255477,-0.933372,-0.00515675,0.999976,-0.00471995,0.933361,0.00650716,0.358879,
533.62,0,320,0,533.62,180,0,0,1,0.927762,-0.00397522,-0.373152,0.0130791,0.999675,0.0218688,0.372944,-0.0251695,0.927512,
566.215,0,320,0,566.215,180,0,0,1,0.920505,0.0103068,0.390594,-0.0137577,0.999887,0.00603792,-0.390488,-0.0109316,0.920543,
595.578,0,320,0,595.578,180,0,0,1,0.401075,0.014492,0.915931,0.00593535,0.999813,-0.0184182,-0.916026,0.0128234,0.400914,
549.917
2022-03-03-15-28-26:
487.808,0,320,0,487.808,180,0,0,1,0.358901,-0.00255477,-0.933372,-0.00515675,0.999976,-0.00471995,0.933361,0.00650716,0.358879,
533.62,0,320,0,533.62,180,0,0,1,0.927762,-0.00397522,-0.373152,0.0130791,0.999675,0.0218688,0.372944,-0.0251695,0.927512,
566.215,0,320,0,566.215,180,0,0,1,0.920505,0.0103068,0.390594,-0.0137577,0.999887,0.00603792,-0.390488,-0.0109316,0.920543,
595.578,0,320,0,595.578,180,0,0,1,0.401075,0.014492,0.915931,0.00593535,0.999813,-0.0184182,-0.916026,0.0128234,0.400914,
549.917
2022-03-03-15-40-10:
487.808,0,320,0,487.808,180,0,0,1,0.358901,-0.00255477,-0.933372,-0.00515675,0.999976,-0.00471995,0.933361,0.00650716,0.358879,
533.62,0,320,0,533.62,180,0,0,1,0.927762,-0.00397522,-0.373152,0.0130791,0.999675,0.0218688,0.372944,-0.0251695,0.927512,
566.215,0,320,0,566.215,180,0,0,1,0.920505,0.0103068,0.390594,-0.0137577,0.999887,0.00603792,-0.390488,-0.0109316,0.920543,
595.578,0,320,0,595.578,180,0,0,1,0.401075,0.014492,0.915931,0.00593535,0.999813,-0.0184182,-0.916026,0.0128234,0.400914,
549.917
2022-03-03-15-43-01:
487.808,0,320,0,487.808,180,0,0,1,0.358901,-0.00255477,-0.933372,-0.00515675,0.999976,-0.00471995,0.933361,0.00650716,0.358879,
533.62,0,320,0,533.62,180,0,0,1,0.927762,-0.00397522,-0.373152,0.0130791,0.999675,0.0218688,0.372944,-0.0251695,0.927512,
566.215,0,320,0,566.215,180,0,0,1,0.920505,0.0103068,0.390594,-0.0137577,0.999887,0.00603792,-0.390488,-0.0109316,0.920543,
595.578,0,320,0,595.578,180,0,0,1,0.401075,0.014492,0.915931,0.00593535,0.999813,-0.0184182,-0.916026,0.0128234,0.400914,
549.917
2022-03-03-15-44-23:
390.822,0,320,0,390.822,180,0,0,1,0.467165,-0.054669,-0.882479,0.00423211,0.998214,-0.0595984,0.88416,0.0241075,0.466561,
546.603,0,320,0,546.603,180,0,0,1,0.904616,0.0114584,-0.426073,-0.00263732,0.99977,0.0212874,0.426219,-0.0181332,0.904438,
560.996,0,320,0,560.996,180,0,0,1,0.92249,0.00362478,0.386003,-0.000896486,0.999973,-0.00724784,-0.386019,0.00634001,0.922469,
581.392,0,320,0,581.392,180,0,0,1,0.384806,-0.0287692,0.922549,0.0032111,0.99955,0.029831,-0.922992,-0.00851675,0.384725,
553.799
2022-03-03-15-46-22:
487.808,0,320,0,487.808,180,0,0,1,0.358901,-0.00255477,-0.933372,-0.00515675,0.999976,-0.00471995,0.933361,0.00650716,0.358879,
533.62,0,320,0,533.62,180,0,0,1,0.927762,-0.00397522,-0.373152,0.0130791,0.999675,0.0218688,0.372944,-0.0251695,0.927512,
566.215,0,320,0,566.215,180,0,0,1,0.920505,0.0103068,0.390594,-0.0137577,0.999887,0.00603792,-0.390488,-0.0109316,0.920543,
595.578,0,320,0,595.578,180,0,0,1,0.401075,0.014492,0.915931,0.00593535,0.999813,-0.0184182,-0.916026,0.0128234,0.400914,
549.917
2022-03-03-15-49-33:
446.925,0,320,0,446.925,180,0,0,1,0.271406,-0.0161177,-0.96233,0.000427558,0.999862,-0.0166257,0.962465,0.00410087,0.271375,
488.251,0,320,0,488.251,180,0,0,1,0.912366,-0.000190331,-0.409375,0.00513441,0.999927,0.0109781,0.409343,-0.0121179,0.9123,
506.31,0,320,0,506.31,180,0,0,1,0.90767,0.00968512,0.419574,-0.00724317,0.999946,-0.00741275,-0.419623,0.00368929,0.907691,
531.301,0,320,0,531.301,180,0,0,1,0.30431,0.0289833,0.952132,0.00582919,0.999462,-0.0322871,-0.952555,0.0153755,0.303978,
497.28
2022-03-03-15-50-39:
446.925,0,320,0,446.925,180,0,0,1,0.271406,-0.0161177,-0.96233,0.000427558,0.999862,-0.0166257,0.962465,0.00410087,0.271375,
488.251,0,320,0,488.251,180,0,0,1,0.912366,-0.000190331,-0.409375,0.00513441,0.999927,0.0109781,0.409343,-0.0121179,0.9123,
506.31,0,320,0,506.31,180,0,0,1,0.90767,0.00968512,0.419574,-0.00724317,0.999946,-0.00741275,-0.419623,0.00368929,0.907691,
531.301,0,320,0,531.301,180,0,0,1,0.30431,0.0289833,0.952132,0.00582919,0.999462,-0.0322871,-0.952555,0.0153755,0.303978,
497.28
2022-03-03-15-52-51:
446.925,0,320,0,446.925,180,0,0,1,0.271406,-0.0161177,-0.96233,0.000427558,0.999862,-0.0166257,0.962465,0.00410087,0.271375,
488.251,0,320,0,488.251,180,0,0,1,0.912366,-0.000190331,-0.409375,0.00513441,0.999927,0.0109781,0.409343,-0.0121179,0.9123,
506.31,0,320,0,506.31,180,0,0,1,0.90767,0.00968512,0.419574,-0.00724317,0.999946,-0.00741275,-0.419623,0.00368929,0.907691,
