2022-08-16-09-28-14:
54.3667,0,480,0,54.3667,270,0,0,1,0.809937,0.545521,0.215428,0,0.3673,-0.930102,-0.586517,0.753324,0.29749,
54.3667,0,480,0,54.3667,270,0,0,1,-0.37853,0.90017,-0.215428,1.76288e-09,-0.232747,-0.972537,-0.925589,-0.368135,0.0881017,
54.3667
2022-08-16-09-42-38:
399.739,0,480,0,399.739,270,0,0,1,0.758857,-0.030097,-0.650561,-5.75642e-10,0.998932,-0.0462137,0.651257,0.0350696,0.758047,
400.4,0,480,0,400.4,270,0,0,1,0.758634,0.0352804,0.650561,-9.26903e-08,0.998533,-0.054151,-0.651517,0.0410807,0.757521,
400.07
2022-08-16-10-25-28:
1500,0,480,0,1500,270,0,0,1,0.491821,0.0701788,-0.867863,0,0.996746,0.0806008,0.870696,-0.0396412,0.490221,
1500,0,480,0,1500,270,0,0,1,0.48297,0.116415,0.867863,-4.73005e-08,0.991123,-0.132949,-0.875637,0.0642106,0.478683,
1500
2022-08-16-10-31-13:
1500,0,480,0,1500,270,0,0,1,0.49707,-0.187404,-0.847232,0,0.976399,-0.215975,0.867711,0.107355,0.485339,
1500,0,480,0,1500,270,0,0,1,0.526296,-0.0721894,0.847232,-1.95103e-07,0.99639,0.0848987,-0.850302,-0.044682,0.524396,
1500
2022-08-16-10-31-33:
1500,0,480,0,1500,270,0,0,1,0.543152,-0.101998,-0.833416,0,0.992594,-0.121479,0.839634,0.0659814,0.539129,
1500,0,480,0,1500,270,0,0,1,0.55214,-0.0236491,0.833416,4.54205e-08,0.999598,0.0283647,-0.833752,-0.0156612,0.551917,
1500
2022-08-16-13-58-16:
505.05,0,480,0,505.05,270,0,0,1,-0.266909,0.836056,-0.479344,0,-0.497388,-0.867528,-0.963722,-0.231551,0.132757,
505.05,0,480,0,505.05,270,0,0,1,0.658869,-0.57976,0.479344,5.40089e-08,0.637206,0.770693,-0.752258,-0.507786,0.419835,
505.05
