2022-02-11-12-41-04:
469.918,0,320,0,469.918,180,0,0,1,
0.335456,-0.0149136,-0.941938,-0.00284142,0.999854,-0.0168425,0.942052,0.00832637,0.335365,
0.923721,-0.00621876,-0.383016,0.0105396,0.999902,0.00918369,0.382922,-0.01252,0.923696,
0.916787,0.0142685,0.399123,-0.0123772,0.999897,-0.00731538,-0.399186,0.00176663,0.916869,
0.377066,0.0256387,0.925832,0.00680207,0.999513,-0.0304495,-0.926162,0.017779,0.376708,
549.023
2022-02-11-12-44-09:
347.101,0,240,0,347.101,135,0,0,1,
0.321785,-0.0238296,-0.946513,-9.22273e-05,0.999682,-0.0251996,0.946813,0.00819614,0.32168,
0.922676,-0.00771334,-0.385498,0.00953113,0.999951,0.00280464,0.385458,-0.00626201,0.922704,
0.91484,0.0180328,0.403414,-0.0135151,0.99981,-0.0140433,-0.40359,0.00739523,0.91491,
0.369887,0.029841,0.928598,0.00973183,0.999305,-0.0359897,-0.929026,0.0223491,0.369339,
408.529
2022-02-11-12-46-05:
347.101,0,240,0,347.101,135,0,0,1,
0.321785,-0.0238296,-0.946513,-9.22273e-05,0.999682,-0.0251996,0.946813,0.00819614,0.32168,
0.922676,-0.00771334,-0.385498,0.00953113,0.999951,0.00280464,0.385458,-0.00626201,0.922704,
0.91484,0.0180328,0.403414,-0.0135151,0.99981,-0.0140433,-0.40359,0.00739523,0.91491,
0.369887,0.029841,0.928598,0.00973183,0.999305,-0.0359897,-0.929026,0.0223491,0.369339,
408.529
2022-02-11-12-46-23:
347.101,0,240,0,347.101,135,0,0,1,
0.321785,-0.0238296,-0.946513,-9.22273e-05,0.999682,-0.0251996,0.946813,0.00819614,0.32168,
0.922676,-0.00771334,-0.385498,0.00953113,0.999951,0.00280464,0.385458,-0.00626201,0.922704,
0.91484,0.0180328,0.403414,-0.0135151,0.99981,-0.0140433,-0.40359,0.00739523,0.91491,
0.369887,0.029841,0.928598,0.00973183,0.999305,-0.0359897,-0.929026,0.0223491,0.369339,
408.529
2022-02-11-12-48-17:
347.101,0,240,0,347.101,135,0,0,1,
0.321785,-0.0238296,-0.946513,-9.22273e-05,0.999682,-0.0251996,0.946813,0.00819614,0.32168,
0.922676,-0.00771334,-0.385498,0.00953113,0.999951,0.00280464,0.385458,-0.00626201,0.922704,
0.91484,0.0180328,0.403414,-0.0135151,0.99981,-0.0140433,-0.40359,0.00739523,0.91491,
0.369887,0.029841,0.928598,0.00973183,0.999305,-0.0359897,-0.929026,0.0223491,0.369339,
408.529
2022-02-11-12-48-46:
469.918,0,320,0,469.918,180,0,0,1,
0.335456,-0.0149136,-0.941938,-0.00284142,0.999854,-0.0168425,0.942052,0.00832637,0.335365,
0.923721,-0.00621876,-0.383016,0.0105396,0.999902,0.00918369,0.382922,-0.01252,0.923696,
0.916787,0.0142685,0.399123,-0.0123772,0.999897,-0.00731538,-0.399186,0.00176663,0.916869,
0.377066,0.0256387,0.925832,0.00680207,0.999513,-0.0304495,-0.926162,0.017779,0.376708,
549.023
2022-02-11-16-24-55:
449.85,0,320,0,449.85,180,0,0,1,
0.294067,-0.0111959,-0.955719,-0.00504103,0.999899,-0.0132646,0.955771,0.00871849,0.293981,
0.919444,-0.00377698,-0.393203,0.00920179,0.999887,0.0119124,0.393114,-0.0145709,0.919374,
0.910944,0.00954752,0.412418,-0.00862613,0.999954,-0.00409575,-0.412439,0.000173424,0.910985,
0.349698,0.0259212,0.936504,0.00251586,0.999588,-0.0286067,-0.936859,0.0123598,0.349488,
533.598
2022-02-11-16-55-35:
419.376,0,320,0,419.376,180,0,0,1,
0.225597,-0.0636373,-0.97214,0.0276222,0.997881,-0.0589123,0.973829,-0.0135622,0.226876,
0.918127,0.00775892,-0.396211,-0.0186936,0.999543,-0.0237441,0.395846,0.0292067,0.917852,
0.904767,0.0152655,0.425634,0.00543808,0.998862,-0.0473843,-0.425873,0.0451864,0.903654,
0.330156,0.0477499,0.942718,0.0182078,0.998212,-0.0569374,-0.943751,0.0359631,0.328697,
522.815
2022-02-11-17-02-00:
524.974,0,320,0,524.974,180,0,0,1,
0.475594,-0.0177099,-0.879487,0.00918677,0.999843,-0.0151656,0.879617,-0.000866959,0.475682,
0.94495,0.00290236,-0.327202,0.00151863,0.999911,0.0132553,0.327211,-0.0130224,0.944862,
0.936083,0.0158235,0.351422,-0.0152128,0.999874,-0.00449904,-0.351449,-0.00113463,0.936206,
0.518113,0.00887442,0.855266,0.0162825,0.999663,-0.0202365,-0.855157,0.0244106,0.517794,
652.224
2022-02-11-17-12-12:
470.641,0,320,0,470.641,180,0,0,1,
0.372651,-0.0181547,-0.927794,0.0160789,0.999785,-0.0131052,0.927832,-0.0100343,0.372863,
0.930452,0.0115071,-0.366233,-0.00486574,0.999807,0.0190522,0.366382,-0.0159451,0.930328,
0.923355,0.0103616,0.383807,-0.00993707,0.999946,-0.00308908,-0.383818,-0.000961588,0.923408,
0.414019,0.00932185,0.910221,0.0186247,0.999651,-0.0187093,-0.910078,0.0246986,0.413701,
574.727
2022-02-11-18-19-54:
460.935,0,320,0,460.935,180,0,0,1,
0.334151,-0.0375452,-0.941772,-0.015773,0.998844,-0.0454169,0.942388,0.0300306,0.333172,
0.926004,-0.0221088,-0.376865,0.0155674,0.999671,-0.0203947,0.377192,0.0130188,0.926044,
0.916794,0.0189278,0.398912,-0.00714955,0.999494,-0.0309932,-0.399296,0.0255624,0.916466,
0.388812,0.0541338,0.919725,-0.00666179,0.998411,-0.0559489,-0.921293,0.0156266,0.388555,
555.28
2022-02-11-18-33-02:
451.079,0,320,0,451.079,180,0,0,1,
0.270011,-0.0487083,-0.961624,0.0244968,0.998744,-0.0437101,0.962546,-0.0117545,0.270865,
0.912544,0.00842506,-0.408892,-0.0134702,0.999864,-0.00946024,0.408757,0.0141407,0.912534,
0.907786,0.0145631,0.419181,-0.000153566,0.999408,-0.0343887,-0.419434,0.0311532,0.907251,
0.305344,0.0415384,0.951336,0.0190511,0.998582,-0.049716,-0.952051,0.0333045,0.30412,
507.533
2022-02-11-19-04-33:
593.442,0,320,0,593.442,180,0,0,1,
0.4334,-0.006003,-0.901182,-0.0255966,0.999492,-0.0189679,0.900838,0.0312879,0.433027,
0.91349,-0.015428,-0.406569,0.012831,0.999876,-0.00911311,0.406659,0.00310805,0.913575,
0.92296,0.00319171,0.384882,0.00512729,0.999775,-0.0205862,-0.384862,0.0209737,0.922736,
0.261061,0.283129,0.922868,-0.0205302,0.957433,-0.287926,-0.965104,0.0562197,0.255761,
541.576
2022-02-11-19-04-50:
422.933,0,320,0,422.933,180,0,0,1,
0.369046,0.158586,-0.915781,0.10107,0.972644,0.209163,0.923899,-0.169749,0.342922,
0.956163,0.107185,-0.272513,-0.0332465,0.964322,0.262635,0.290941,-0.242062,0.925613,
0.839995,0.130482,0.526672,-0.231057,0.964267,0.129621,-0.490939,-0.230572,0.840128,
0.662654,0.35092,0.661622,0.284577,0.699184,-0.655864,-0.692752,0.622894,0.363454,
527.743
2022-02-11-19-05-09:
970.318,0,320,0,970.318,180,0,0,1,
0.998512,-0.0330419,0.0433725,0.0515489,0.831272,-0.553471,-0.0177666,0.554883,0.831738,
0.873144,-0.0551379,0.484334,0.310031,0.829543,-0.464477,-0.376166,0.555714,0.741405,
-0.77485,-0.613746,0.151405,0.592495,-0.62162,0.512386,-0.220358,0.486729,0.845303,
-0.461417,-0.570877,-0.679112,-0.29674,-0.622074,0.724548,-0.836086,0.535838,0.117634,
273.967
2022-02-11-19-06-35:
258.305,0,320,0,258.305,180,0,0,1,
0.737762,0.103765,-0.667039,-0.513986,0.726932,-0.455399,0.437637,0.678825,0.589636,
0.901724,-0.159269,-0.401905,0.153329,0.98705,-0.0471404,0.404209,-0.0191162,0.914467,
0.974415,-0.201138,0.100292,0.198081,0.979383,0.0396604,-0.106202,-0.0187797,0.994167,
-0.247277,-0.0238434,0.968651,-0.193813,0.980711,-0.0253361,-0.949363,-0.194002,-0.247128,
924.12
2022-02-11-19-06-55:
488.428,0,320,0,488.428,180,0,0,1,
0.354451,-0.067559,-0.932631,0.0223457,0.997714,-0.063781,0.934808,0.00176694,0.35515,
0.923897,0.00152005,-0.382638,-0.0140383,0.999454,-0.0299259,0.382384,0.03302,0.923413,
0.919211,0.0224696,0.393124,-0.00182746,0.998603,-0.0528037,-0.393762,0.0478193,0.917968,
0.38274,0.0562027,0.922145,0.0175822,0.997524,-0.0680945,-0.923689,0.0422759,0.380805,
552.886
2022-02-14-14-32-49:
446.925,0,320,0,446.925,180,0,0,1,
0.271406,-0.0161177,-0.96233,0.000427558,0.999862,-0.0166257,0.962465,0.00410087,0.271375,
0.912366,-0.000190331,-0.409375,0.00513441,0.999927,0.0109781,0.409343,-0.0121179,0.9123,
0.90767,0.00968512,0.419574,-0.00724317,0.999946,-0.00741275,-0.419623,0.00368929,0.907691,
0.30431,0.0289833,0.952132,0.00582919,0.999462,-0.0322871,-0.952555,0.0153755,0.303978,
506.31
2022-02-14-14-36-24:
446.925,0,320,0,446.925,180,0,0,1,
0.271406,-0.0161177,-0.96233,0.000427558,0.999862,-0.0166257,0.962465,0.00410087,0.271375,
0.912366,-0.000190331,-0.409375,0.00513441,0.999927,0.0109781,0.409343,-0.0121179,0.9123,
0.90767,0.00968512,0.419574,-0.00724317,0.999946,-0.00741275,-0.419623,0.00368929,0.907691,
0.30431,0.0289833,0.952132,0.00582919,0.999462,-0.0322871,-0.952555,0.0153755,0.303978,
506.31
2022-02-14-14-39-06:
446.925,0,320,0,446.925,180,0,0,1,
0.271406,-0.0161177,-0.96233,0.000427558,0.999862,-0.0166257,0.962465,0.00410087,0.271375,
0.912366,-0.000190331,-0.409375,0.00513441,0.999927,0.0109781,0.409343,-0.0121179,0.9123,
0.90767,0.00968512,0.419574,-0.00724317,0.999946,-0.00741275,-0.419623,0.00368929,0.907691,
0.30431,0.0289833,0.952132,0.00582919,0.999462,-0.0322871,-0.952555,0.0153755,0.303978,
506.31
2022-02-14-14-42-45:
446.925,0,320,0,446.925,180,0,0,1,
0.271406,-0.0161177,-0.96233,0.000427558,0.999862,-0.0166257,0.962465,0.00410087,0.271375,
0.912366,-0.000190331,-0.409375,0.00513441,0.999927,0.0109781,0.409343,-0.0121179,0.9123,
0.90767,0.00968512,0.419574,-0.00724317,0.999946,-0.00741275,-0.419623,0.00368929,0.907691,
0.30431,0.0289833,0.952132,0.00582919,0.999462,-0.0322871,-0.952555,0.0153755,0.303978,
506.31
2022-02-14-14-54-50:
446.925,0,320,0,446.925,180,0,0,1,
0.271406,-0.0161177,-0.96233,0.000427558,0.999862,-0.0166257,0.962465,0.00410087,0.271375,
0.912366,-0.000190331,-0.409375,0.00513441,0.999927,0.0109781,0.409343,-0.0121179,0.9123,
0.90767,0.00968512,0.419574,-0.00724317,0.999946,-0.00741275,-0.419623,0.00368929,0.907691,
0.30431,0.0289833,0.952132,0.00582919,0.999462,-0.0322871,-0.952555,0.0153755,0.303978,
506.31
2022-02-14-14-56-35:
446.925,0,320,0,446.925,180,0,0,1,
0.271406,-0.0161177,-0.96233,0.000427558,0.999862,-0.0166257,0.962465,0.00410087,0.271375,
0.912366,-0.000190331,-0.409375,0.00513441,0.999927,0.0109781,0.409343,-0.0121179,0.9123,
0.90767,0.00968512,0.419574,-0.00724317,0.999946,-0.00741275,-0.419623,0.00368929,0.907691,
0.30431,0.0289833,0.952132,0.00582919,0.999462,-0.0322871,-0.952555,0.0153755,0.303978,
506.31
2022-02-14-15-05-36:
446.925,0,320,0,446.925,180,0,0,1,
0.271406,-0.0161177,-0.96233,0.000427558,0.999862,-0.0166257,0.962465,0.00410087,0.271375,
0.912366,-0.000190331,-0.409375,0.00513441,0.999927,0.0109781,0.409343,-0.0121179,0.9123,
0.90767,0.00968512,0.419574,-0.00724317,0.999946,-0.00741275,-0.419623,0.00368929,0.907691,
0.30431,0.0289833,0.952132,0.00582919,0.999462,-0.0322871,-0.952555,0.0153755,0.303978,
506.31
2022-02-14-15-09-57:
446.925,0,320,0,446.925,180,0,0,1,
0.271406,-0.0161177,-0.96233,0.000427558,0.999862,-0.0166257,0.962465,0.00410087,0.271375,
0.912366,-0.000190331,-0.409375,0.00513441,0.999927,0.0109781,0.409343,-0.0121179,0.9123,
0.90767,0.00968512,0.419574,-0.00724317,0.999946,-0.00741275,-0.419623,0.00368929,0.907691,
0.30431,0.0289833,0.952132,0.00582919,0.999462,-0.0322871,-0.952555,0.0153755,0.303978,
506.31
2022-02-14-15-12-31:
446.925,0,320,0,446.925,180,0,0,1,
0.271406,-0.0161177,-0.96233,0.000427558,0.999862,-0.0166257,0.962465,0.00410087,0.271375,
0.912366,-0.000190331,-0.409375,0.00513441,0.999927,0.0109781,0.409343,-0.0121179,0.9123,
0.90767,0.00968512,0.419574,-0.00724317,0.999946,-0.00741275,-0.419623,0.00368929,0.907691,
0.30431,0.0289833,0.952132,0.00582919,0.999462,-0.0322871,-0.952555,0.0153755,0.303978,
506.31
2022-02-14-16-15-21:
446.925,0,320,0,446.925,180,0,0,1,
0.271406,-0.0161177,-0.96233,0.000427558,0.999862,-0.0166257,0.962465,0.00410087,0.271375,
0.912366,-0.000190331,-0.409375,0.00513441,0.999927,0.0109781,0.409343,-0.0121179,0.9123,
0.90767,0.00968512,0.419574,-0.00724317,0.999946,-0.00741275,-0.419623,0.00368929,0.907691,
0.30431,0.0289833,0.952132,0.00582919,0.999462,-0.0322871,-0.952555,0.0153755,0.303978,
506.31
2022-02-14-16-20-48:
446.925,0,320,0,446.925,180,0,0,1,
0.271406,-0.0161177,-0.96233,0.000427558,0.999862,-0.0166257,0.962465,0.00410087,0.271375,
0.912366,-0.000190331,-0.409375,0.00513441,0.999927,0.0109781,0.409343,-0.0121179,0.9123,
0.90767,0.00968512,0.419574,-0.00724317,0.999946,-0.00741275,-0.419623,0.00368929,0.907691,
0.30431,0.0289833,0.952132,0.00582919,0.999462,-0.0322871,-0.952555,0.0153755,0.303978,
506.31
2022-02-14-16-21-24:
446.925,0,320,0,446.925,180,0,0,1,
0.271406,-0.0161177,-0.96233,0.000427558,0.999862,-0.0166257,0.962465,0.00410087,0.271375,
0.912366,-0.000190331,-0.409375,0.00513441,0.999927,0.0109781,0.409343,-0.0121179,0.9123,
0.90767,0.00968512,0.419574,-0.00724317,0.999946,-0.00741275,-0.419623,0.00368929,0.907691,
0.30431,0.0289833,0.952132,0.00582919,0.999462,-0.0322871,-0.952555,0.0153755,0.303978,
506.31
2022-02-14-16-21-40:
446.925,0,320,0,446.925,180,0,0,1,
0.271406,-0.0161177,-0.96233,0.000427558,0.999862,-0.0166257,0.962465,0.00410087,0.271375,
0.912366,-0.000190331,-0.409375,0.00513441,0.999927,0.0109781,0.409343,-0.0121179,0.9123,
0.90767,0.00968512,0.419574,-0.00724317,0.999946,-0.00741275,-0.419623,0.00368929,0.907691,
0.30431,0.0289833,0.952132,0.00582919,0.999462,-0.0322871,-0.952555,0.0153755,0.303978,
506.31
2022-02-14-16-24-31:
446.925,0,320,0,446.925,180,0,0,1,
0.271406,-0.0161177,-0.96233,0.000427558,0.999862,-0.0166257,0.962465,0.00410087,0.271375,
0.912366,-0.000190331,-0.409375,0.00513441,0.999927,0.0109781,0.409343,-0.0121179,0.9123,
0.90767,0.00968512,0.419574,-0.00724317,0.999946,-0.00741275,-0.419623,0.00368929,0.907691,
0.30431,0.0289833,0.952132,0.00582919,0.999462,-0.0322871,-0.952555,0.0153755,0.303978,
506.31
2022-02-14-16-24-47:
446.925,0,320,0,446.925,180,0,0,1,
0.271406,-0.0161177,-0.96233,0.000427558,0.999862,-0.0166257,0.962465,0.00410087,0.271375,
0.912366,-0.000190331,-0.409375,0.00513441,0.999927,0.0109781,0.409343,-0.0121179,0.9123,
0.90767,0.00968512,0.419574,-0.00724317,0.999946,-0.00741275,-0.419623,0.00368929,0.907691,
0.30431,0.0289833,0.952132,0.00582919,0.999462,-0.0322871,-0.952555,0.0153755,0.303978,
506.31
2022-02-14-17-17-50:
446.925,0,320,0,446.925,180,0,0,1,
0.271406,-0.0161177,-0.96233,0.000427558,0.999862,-0.0166257,0.962465,0.00410087,0.271375,
0.912366,-0.000190331,-0.409375,0.00513441,0.999927,0.0109781,0.409343,-0.0121179,0.9123,
0.90767,0.00968512,0.419574,-0.00724317,0.999946,-0.00741275,-0.419623,0.00368929,0.907691,
0.30431,0.0289833,0.952132,0.00582919,0.999462,-0.0322871,-0.952555,0.0153755,0.303978,
506.31
2018-01-29-00-52-03:
446.925,0,320,0,446.925,180,0,0,1,
0.271406,-0.0161177,-0.96233,0.000427558,0.999862,-0.0166257,0.962465,0.00410087,0.271375,
0.912366,-0.000190331,-0.409375,0.00513441,0.999927,0.0109781,0.409343,-0.0121179,0.9123,
0.90767,0.00968512,0.419574,-0.00724317,0.999946,-0.00741275,-0.419623,0.00368929,0.907691,
0.30431,0.0289833,0.952132,0.00582919,0.999462,-0.0322871,-0.952555,0.0153755,0.303978,
506.31
2022-02-15-10-10-16:
446.925,0,320,0,446.925,180,0,0,1,
0.271406,-0.0161177,-0.96233,0.000427558,0.999862,-0.0166257,0.962465,0.00410087,0.271375,
0.912366,-0.000190331,-0.409375,0.00513441,0.999927,0.0109781,0.409343,-0.0121179,0.9123,
0.90767,0.00968512,0.419574,-0.00724317,0.999946,-0.00741275,-0.419623,0.00368929,0.907691,
0.30431,0.0289833,0.952132,0.00582919,0.999462,-0.0322871,-0.952555,0.0153755,0.303978,
506.31
2022-02-15-10-23-32:
446.925,0,320,0,446.925,180,0,0,1,
0.271406,-0.0161177,-0.96233,0.000427558,0.999862,-0.0166257,0.962465,0.00410087,0.271375,
0.912366,-0.000190331,-0.409375,0.00513441,0.999927,0.0109781,0.409343,-0.0121179,0.9123,
0.90767,0.00968512,0.419574,-0.00724317,0.999946,-0.00741275,-0.419623,0.00368929,0.907691,
0.30431,0.0289833,0.952132,0.00582919,0.999462,-0.0322871,-0.952555,0.0153755,0.303978,
506.31
2022-02-15-10-26-47:
446.925,0,320,0,446.925,180,0,0,1,
0.271406,-0.0161177,-0.96233,0.000427558,0.999862,-0.0166257,0.962465,0.00410087,0.271375,
0.912366,-0.000190331,-0.409375,0.00513441,0.999927,0.0109781,0.409343,-0.0121179,0.9123,
0.90767,0.00968512,0.419574,-0.00724317,0.999946,-0.00741275,-0.419623,0.00368929,0.907691,
0.30431,0.0289833,0.952132,0.00582919,0.999462,-0.0322871,-0.952555,0.0153755,0.303978,
506.31
2022-02-15-11-13-06:
446.925,0,320,0,446.925,180,0,0,1,
0.271406,-0.0161177,-0.96233,0.000427558,0.999862,-0.0166257,0.962465,0.00410087,0.271375,
0.912366,-0.000190331,-0.409375,0.00513441,0.999927,0.0109781,0.409343,-0.0121179,0.9123,
0.90767,0.00968512,0.419574,-0.00724317,0.999946,-0.00741275,-0.419623,0.00368929,0.907691,
0.30431,0.0289833,0.952132,0.00582919,0.999462,-0.0322871,-0.952555,0.0153755,0.303978,
506.31
2022-02-15-11-17-29:
446.925,0,320,0,446.925,180,0,0,1,
0.271406,-0.0161177,-0.96233,0.000427558,0.999862,-0.0166257,0.962465,0.00410087,0.271375,
0.912366,-0.000190331,-0.409375,0.00513441,0.999927,0.0109781,0.409343,-0.0121179,0.9123,
0.90767,0.00968512,0.419574,-0.00724317,0.999946,-0.00741275,-0.419623,0.00368929,0.907691,
0.30431,0.0289833,0.952132,0.00582919,0.999462,-0.0322871,-0.952555,0.0153755,0.303978,
506.31
2022-02-15-11-19-49:
446.925,0,320,0,446.925,180,0,0,1,
0.271406,-0.0161177,-0.96233,0.000427558,0.999862,-0.0166257,0.962465,0.00410087,0.271375,
0.912366,-0.000190331,-0.409375,0.00513441,0.999927,0.0109781,0.409343,-0.0121179,0.9123,
0.90767,0.00968512,0.419574,-0.00724317,0.999946,-0.00741275,-0.419623,0.00368929,0.907691,
0.30431,0.0289833,0.952132,0.00582919,0.999462,-0.0322871,-0.952555,0.0153755,0.303978,
506.31
2022-02-15-15-40-50:
446.925,0,320,0,446.925,180,0,0,1,
0.271406,-0.0161177,-0.96233,0.000427558,0.999862,-0.0166257,0.962465,0.00410087,0.271375,
0.912366,-0.000190331,-0.409375,0.00513441,0.999927,0.0109781,0.409343,-0.0121179,0.9123,
0.90767,0.00968512,0.419574,-0.00724317,0.999946,-0.00741275,-0.419623,0.00368929,0.907691,
0.30431,0.0289833,0.952132,0.00582919,0.999462,-0.0322871,-0.952555,0.0153755,0.303978,
506.31
2022-02-16-09-39-22:
446.925,0,320,0,446.925,180,0,0,1,
0.271406,-0.0161177,-0.96233,0.000427558,0.999862,-0.0166257,0.962465,0.00410087,0.271375,
0.912366,-0.000190331,-0.409375,0.00513441,0.999927,0.0109781,0.409343,-0.0121179,0.9123,
0.90767,0.00968512,0.419574,-0.00724317,0.999946,-0.00741275,-0.419623,0.00368929,0.907691,
0.30431,0.0289833,0.952132,0.00582919,0.999462,-0.0322871,-0.952555,0.0153755,0.303978,
506.31
2022-02-16-09-42-23:
446.925,0,320,0,446.925,180,0,0,1,
0.271406,-0.0161177,-0.96233,0.000427558,0.999862,-0.0166257,0.962465,0.00410087,0.271375,
0.912366,-0.000190331,-0.409375,0.00513441,0.999927,0.0109781,0.409343,-0.0121179,0.9123,
0.90767,0.00968512,0.419574,-0.00724317,0.999946,-0.00741275,-0.419623,0.00368929,0.907691,
0.30431,0.0289833,0.952132,0.00582919,0.999462,-0.0322871,-0.952555,0.0153755,0.303978,
506.31
2022-02-16-09-44-16:
446.925,0,320,0,446.925,180,0,0,1,
0.271406,-0.0161177,-0.96233,0.000427558,0.999862,-0.0166257,0.962465,0.00410087,0.271375,
0.912366,-0.000190331,-0.409375,0.00513441,0.999927,0.0109781,0.409343,-0.0121179,0.9123,
0.90767,0.00968512,0.419574,-0.00724317,0.999946,-0.00741275,-0.419623,0.00368929,0.907691,
0.30431,0.0289833,0.952132,0.00582919,0.999462,-0.0322871,-0.952555,0.0153755,0.303978,
506.31
2022-02-16-09-44-59:
446.925,0,320,0,446.925,180,0,0,1,
0.271406,-0.0161177,-0.96233,0.000427558,0.999862,-0.0166257,0.962465,0.00410087,0.271375,
0.912366,-0.000190331,-0.409375,0.00513441,0.999927,0.0109781,0.409343,-0.0121179,0.9123,
0.90767,0.00968512,0.419574,-0.00724317,0.999946,-0.00741275,-0.419623,0.00368929,0.907691,
0.30431,0.0289833,0.952132,0.00582919,0.999462,-0.0322871,-0.952555,0.0153755,0.303978,
506.31
2022-02-16-10-01-15:
446.925,0,320,0,446.925,180,0,0,1,
0.271406,-0.0161177,-0.96233,0.000427558,0.999862,-0.0166257,0.962465,0.00410087,0.271375,
0.912366,-0.000190331,-0.409375,0.00513441,0.999927,0.0109781,0.409343,-0.0121179,0.9123,
0.90767,0.00968512,0.419574,-0.00724317,0.999946,-0.00741275,-0.419623,0.00368929,0.907691,
0.30431,0.0289833,0.952132,0.00582919,0.999462,-0.0322871,-0.952555,0.0153755,0.303978,
506.31
2022-02-16-10-05-20:
446.925,0,320,0,446.925,180,0,0,1,
0.271406,-0.0161177,-0.96233,0.000427558,0.999862,-0.0166257,0.962465,0.00410087,0.271375,
0.912366,-0.000190331,-0.409375,0.00513441,0.999927,0.0109781,0.409343,-0.0121179,0.9123,
0.90767,0.00968512,0.419574,-0.00724317,0.999946,-0.00741275,-0.419623,0.00368929,0.907691,
0.30431,0.0289833,0.952132,0.00582919,0.999462,-0.0322871,-0.952555,0.0153755,0.303978,
506.31
2022-02-16-10-12-03:
446.925,0,320,0,446.925,180,0,0,1,
0.271406,-0.0161177,-0.96233,0.000427558,0.999862,-0.0166257,0.962465,0.00410087,0.271375,
0.912366,-0.000190331,-0.409375,0.00513441,0.999927,0.0109781,0.409343,-0.0121179,0.9123,
0.90767,0.00968512,0.419574,-0.00724317,0.999946,-0.00741275,-0.419623,0.00368929,0.907691,
0.30431,0.0289833,0.952132,0.00582919,0.999462,-0.0322871,-0.952555,0.0153755,0.303978,
506.31
2022-02-16-16-33-56:
446.925,0,320,0,446.925,180,0,0,1,
0.271406,-0.0161177,-0.96233,0.000427558,0.999862,-0.0166257,0.962465,0.00410087,0.271375,
0.912366,-0.000190331,-0.409375,0.00513441,0.999927,0.0109781,0.409343,-0.0121179,0.9123,
0.90767,0.00968512,0.419574,-0.00724317,0.999946,-0.00741275,-0.419623,0.00368929,0.907691,
0.30431,0.0289833,0.952132,0.00582919,0.999462,-0.0322871,-0.952555,0.0153755,0.303978,
506.31
2022-02-16-16-35-26:
446.925,0,320,0,446.925,180,0,0,1,
0.271406,-0.0161177,-0.96233,0.000427558,0.999862,-0.0166257,0.962465,0.00410087,0.271375,
0.912366,-0.000190331,-0.409375,0.00513441,0.999927,0.0109781,0.409343,-0.0121179,0.9123,
0.90767,0.00968512,0.419574,-0.00724317,0.999946,-0.00741275,-0.419623,0.00368929,0.907691,
0.30431,0.0289833,0.952132,0.00582919,0.999462,-0.0322871,-0.952555,0.0153755,0.303978,
506.31
2022-02-16-16-37-41:
446.925,0,320,0,446.925,180,0,0,1,
0.271406,-0.0161177,-0.96233,0.000427558,0.999862,-0.0166257,0.962465,0.00410087,0.271375,
0.912366,-0.000190331,-0.409375,0.00513441,0.999927,0.0109781,0.409343,-0.0121179,0.9123,
0.90767,0.00968512,0.419574,-0.00724317,0.999946,-0.00741275,-0.419623,0.00368929,0.907691,
0.30431,0.0289833,0.952132,0.00582919,0.999462,-0.0322871,-0.952555,0.0153755,0.303978,
506.31
2022-02-16-16-39-55:
446.925,0,320,0,446.925,180,0,0,1,
0.271406,-0.0161177,-0.96233,0.000427558,0.999862,-0.0166257,0.962465,0.00410087,0.271375,
0.912366,-0.000190331,-0.409375,0.00513441,0.999927,0.0109781,0.409343,-0.0121179,0.9123,
0.90767,0.00968512,0.419574,-0.00724317,0.999946,-0.00741275,-0.419623,0.00368929,0.907691,
0.30431,0.0289833,0.952132,0.00582919,0.999462,-0.0322871,-0.952555,0.0153755,0.303978,
506.31
2022-02-16-16-41-06:
446.925,0,320,0,446.925,180,0,0,1,
0.271406,-0.0161177,-0.96233,0.000427558,0.999862,-0.0166257,0.962465,0.00410087,0.271375,
0.912366,-0.000190331,-0.409375,0.00513441,0.999927,0.0109781,0.409343,-0.0121179,0.9123,
0.90767,0.00968512,0.419574,-0.00724317,0.999946,-0.00741275,-0.419623,0.00368929,0.907691,
0.30431,0.0289833,0.952132,0.00582919,0.999462,-0.0322871,-0.952555,0.0153755,0.303978,
506.31
