2021-12-21-09-58-42:
5094.56,0,240,0,5094.56,135,0,0,1,
0.993166,-0.0368628,0.110736,0.0419015,0.998173,-0.0435235,-0.108929,0.0478661,0.992896,
0.980466,0.0468711,0.19102,-0.0393627,0.998303,-0.042916,-0.192707,0.0345586,0.980648,
0.963351,0.0163281,0.267746,-0.00517676,0.999092,-0.0423022,-0.268193,0.0393658,0.962561,
0.407158,-0.714065,-0.569502,0.00482792,-0.621835,0.783134,-0.913345,-0.321609,-0.249738,
4789.02
2021-12-21-10-00-05:
3931.98,0,240,0,3931.98,135,0,0,1,
0.987811,-0.00237505,-0.155643,-0.0173884,0.991942,-0.125494,0.154687,0.126671,0.979809,
0.998493,-0.0183972,-0.0516993,0.0117865,0.992039,-0.125379,0.0535943,0.124581,0.990761,
0.998666,-0.0190174,0.0479996,0.024684,0.992422,-0.120372,-0.0453467,0.121396,0.991568,
0.986453,0.0389892,0.159343,-0.0195077,0.992333,-0.122045,-0.162879,0.117283,0.97965,
3792.05
2021-12-22-11-07-39:
361.451,0,240,0,361.451,135,0,0,1,
0.243073,-0.0611145,-0.968081,0.0511995,0.99743,-0.0501118,0.968656,-0.0373844,0.245577,
0.912996,0.0172332,-0.407603,-0.0479346,0.996718,-0.0652288,0.405142,0.079092,0.910826,
0.902825,0.00529908,0.429976,0.0277896,0.997115,-0.0706387,-0.429109,0.0757233,0.900073,
0.323002,0.0361182,0.945709,0.0192871,0.998813,-0.0447337,-0.946202,0.032689,0.321922,
411.176
2021-12-22-11-08-52:
409.44,0,240,0,409.44,135,0,0,1,
0.373405,-0.0837809,-0.923877,0.0405795,0.996435,-0.0739597,0.92678,-0.00987357,0.375474,
0.931643,0.00502777,-0.36334,-0.0406126,0.99508,-0.0903656,0.361098,0.0989446,0.927264,
0.919933,0.0226079,0.391424,0.0157049,0.99541,-0.094403,-0.391762,0.0929917,0.915355,
0.440325,0.0605734,0.895793,0.0187054,0.996886,-0.0766039,-0.897644,0.0504868,0.43782,
469.073
2021-12-22-11-11-58:
360.774,0,240,0,360.774,135,0,0,1,
0.281954,-0.0010884,-0.959427,-0.0285605,0.999547,-0.0095272,0.959003,0.0300879,0.281795,
0.912192,-0.017734,-0.409378,-0.000610551,0.999003,-0.0446365,0.409762,0.040967,0.911272,
0.904849,-0.0107695,0.425596,0.0241716,0.999367,-0.0261021,-0.425046,0.0339058,0.904537,
0.329909,0.0389288,0.94321,-0.040199,0.998822,-0.0271635,-0.943156,-0.0289546,0.331086,
417.781
2021-12-22-11-14-39:
435.66,0,240,0,435.66,135,0,0,1,
0.568575,0.667466,0.480844,0.271858,-0.704136,0.655962,0.776412,-0.242242,-0.58181,
0.100484,0.681983,0.724433,-0.230004,-0.692473,0.683799,0.967989,-0.235333,0.0872764,
0.37769,0.359731,-0.853196,0.1112,0.897155,0.427491,0.919231,-0.256335,0.298845,
0.868407,0.349153,-0.352081,-0.199744,0.89622,0.396097,0.45384,-0.273647,0.848025,
422.065
2021-12-22-11-14-52:
376.121,0,240,0,376.121,135,0,0,1,
0.31811,0.0272595,-0.947662,0.017152,0.999258,0.0345012,0.947899,-0.0272295,0.317406,
0.91422,0.0210792,-0.40467,-0.0165011,0.999754,0.0147982,0.404882,-0.00685133,0.914343,
0.906439,-0.0147934,0.422078,0.00792111,0.999806,0.0180311,-0.422262,-0.0130008,0.90638,
0.365757,-0.0291533,0.930254,0.00669665,0.999566,0.0286925,-0.930686,-0.00426487,0.365793,
422.72
