2021-12-20-18-03-24:
750,0,240,0,750,135,0,0,1,
-0.861791,0.498354,0.0946488,-0.478073,-0.860319,0.176911,0.169593,0.107212,0.979665,
0.809122,-0.249195,-0.532188,-0.211339,0.721643,-0.659218,0.548323,0.645859,0.531232,
0.863971,-0.190463,-0.46613,-0.207346,0.709015,-0.674022,0.458869,0.678986,0.573077,
0.196663,0.380402,0.903669,-0.314548,0.89743,-0.309321,-0.928646,-0.223416,0.296146,
4807.69
2021-12-21-09-44-43:
750,0,240,0,750,135,0,0,1,
-0.15317,-0.945991,-0.285727,-0.23286,0.315548,-0.919894,0.960372,-0.0743662,-0.268616,
-0.0232945,-0.971511,-0.235848,0.209533,0.225928,-0.951343,0.977524,-0.071579,0.198301,
0.948235,0.218812,0.230156,0.0139441,0.695356,-0.71853,-0.317264,0.684545,0.656309,
0.883238,0.367377,0.291418,-0.0498266,0.691469,-0.720686,-0.46627,0.622017,0.629037,
6405.98
2021-12-21-09-58-32:
-4787.51,0,240,0,-4787.51,135,0,0,1,
0.436871,0.869286,-0.231271,-0.074326,0.291109,0.953798,0.896448,-0.399497,0.191788,
0.394134,0.879371,-0.26714,0.000358543,0.290522,0.956868,0.919053,-0.37723,0.114189,
0.367839,0.879953,-0.300629,0.0774736,0.29317,0.952916,0.926657,-0.37381,0.0396663,
0.572209,-0.184693,0.79904,0.00669639,0.975331,0.220646,-0.820081,-0.120905,0.55933,
-4677.1
2021-12-21-09-59-59:
4720.46,0,240,0,4720.46,135,0,0,1,
0.991516,0.00288112,-0.129955,-0.0182224,0.992963,-0.117017,0.128703,0.118392,0.984591,
0.998935,-0.0162406,-0.0431952,0.0110869,0.993072,-0.11698,0.0447957,0.116377,0.992195,
0.998921,-0.0235949,0.0399995,0.0279753,0.99323,-0.11275,-0.0370684,0.113748,0.992818,
0.990427,0.0363927,0.13315,-0.021155,0.993243,-0.114113,-0.136404,0.110204,0.984505,
4547.12
