2021-12-21-09-58-42:
5094.56,0,240,0,5094.56,135,0,0,1,
0.993166,-0.0368628,0.110736,0.0419015,0.998173,-0.0435235,-0.108929,0.0478661,0.992896,
0.980466,0.0468711,0.19102,-0.0393627,0.998303,-0.042916,-0.192707,0.0345586,0.980648,
0.963351,0.0163281,0.267746,-0.00517676,0.999092,-0.0423022,-0.268193,0.0393658,0.962561,
0.407158,-0.714065,-0.569502,0.00482792,-0.621835,0.783134,-0.913345,-0.321609,-0.249738,
4789.02
2021-12-21-10-00-05:
3931.98,0,240,0,3931.98,135,0,0,1,
0.987811,-0.00237505,-0.155643,-0.0173884,0.991942,-0.125494,0.154687,0.126671,0.979809,
0.998493,-0.0183972,-0.0516993,0.0117865,0.992039,-0.125379,0.0535943,0.124581,0.990761,
0.998666,-0.0190174,0.0479996,0.024684,0.992422,-0.120372,-0.0453467,0.121396,0.991568,
0.986453,0.0389892,0.159343,-0.0195077,0.992333,-0.122045,-0.162879,0.117283,0.97965,
3792.05
