2021-12-21-09-58-42:
5094.56,0,240,0,5094.56,135,0,0,1,
0.993166,-0.0368628,0.110736,0.0419015,0.998173,-0.0435235,-0.108929,0.0478661,0.992896,
0.980466,0.0468711,0.19102,-0.0393627,0.998303,-0.042916,-0.192707,0.0345586,0.980648,
0.963351,0.0163281,0.267746,-0.00517676,0.999092,-0.0423022,-0.268193,0.0393658,0.962561,
0.407158,-0.714065,-0.569502,0.00482792,-0.621835,0.783134,-0.913345,-0.321609,-0.249738,
4789.02
2021-12-21-10-00-05:
3931.98,0,240,0,3931.98,135,0,0,1,
0.987811,-0.00237505,-0.155643,-0.0173884,0.991942,-0.125494,0.154687,0.126671,0.979809,
0.998493,-0.0183972,-0.0516993,0.0117865,0.992039,-0.125379,0.0535943,0.124581,0.990761,
0.998666,-0.0190174,0.0479996,0.024684,0.992422,-0.120372,-0.0453467,0.121396,0.991568,
0.986453,0.0389892,0.159343,-0.0195077,0.992333,-0.122045,-0.162879,0.117283,0.97965,
3792.05
2021-12-22-11-07-39:
361.451,0,240,0,361.451,135,0,0,1,
0.243073,-0.0611145,-0.968081,0.0511995,0.99743,-0.0501118,0.968656,-0.0373844,0.245577,
0.912996,0.0172332,-0.407603,-0.0479346,0.996718,-0.0652288,0.405142,0.079092,0.910826,
0.902825,0.00529908,0.429976,0.0277896,0.997115,-0.0706387,-0.429109,0.0757233,0.900073,
0.323002,0.0361182,0.945709,0.0192871,0.998813,-0.0447337,-0.946202,0.032689,0.321922,
411.176
2021-12-22-11-08-52:
409.44,0,240,0,409.44,135,0,0,1,
0.373405,-0.0837809,-0.923877,0.0405795,0.996435,-0.0739597,0.92678,-0.00987357,0.375474,
0.931643,0.00502777,-0.36334,-0.0406126,0.99508,-0.0903656,0.361098,0.0989446,0.927264,
0.919933,0.0226079,0.391424,0.0157049,0.99541,-0.094403,-0.391762,0.0929917,0.915355,
0.440325,0.0605734,0.895793,0.0187054,0.996886,-0.0766039,-0.897644,0.0504868,0.43782,
469.073
2021-12-22-11-11-58:
360.774,0,240,0,360.774,135,0,0,1,
0.281954,-0.0010884,-0.959427,-0.0285605,0.999547,-0.0095272,0.959003,0.0300879,0.281795,
0.912192,-0.017734,-0.409378,-0.000610551,0.999003,-0.0446365,0.409762,0.040967,0.911272,
0.904849,-0.0107695,0.425596,0.0241716,0.999367,-0.0261021,-0.425046,0.0339058,0.904537,
0.329909,0.0389288,0.94321,-0.040199,0.998822,-0.0271635,-0.943156,-0.0289546,0.331086,
417.781
2021-12-22-11-14-39:
435.66,0,240,0,435.66,135,0,0,1,
0.568575,0.667466,0.480844,0.271858,-0.704136,0.655962,0.776412,-0.242242,-0.58181,
0.100484,0.681983,0.724433,-0.230004,-0.692473,0.683799,0.967989,-0.235333,0.0872764,
0.37769,0.359731,-0.853196,0.1112,0.897155,0.427491,0.919231,-0.256335,0.298845,
0.868407,0.349153,-0.352081,-0.199744,0.89622,0.396097,0.45384,-0.273647,0.848025,
422.065
2021-12-22-11-14-52:
376.121,0,240,0,376.121,135,0,0,1,
0.31811,0.0272595,-0.947662,0.017152,0.999258,0.0345012,0.947899,-0.0272295,0.317406,
0.91422,0.0210792,-0.40467,-0.0165011,0.999754,0.0147982,0.404882,-0.00685133,0.914343,
0.906439,-0.0147934,0.422078,0.00792111,0.999806,0.0180311,-0.422262,-0.0130008,0.90638,
0.365757,-0.0291533,0.930254,0.00669665,0.999566,0.0286925,-0.930686,-0.00426487,0.365793,
422.72
2021-12-22-11-21-01:
464.51,0,240,0,464.51,135,0,0,1,
-0.360129,-0.252206,-0.898164,-0.0300664,-0.959125,0.281379,-0.932418,0.128337,0.337826,
0.288929,-0.266521,-0.919503,-0.20875,-0.954895,0.211185,-0.934314,0.130929,-0.331534,
0.504219,-0.121403,0.855,0.146053,0.987795,0.0541271,-0.851136,0.0975831,0.515796,
-0.236341,-0.13196,0.962668,0.102209,0.981863,0.159684,-0.966279,0.136133,-0.218567,
415.079
2021-12-22-11-21-19:
450.206,0,240,0,450.206,135,0,0,1,
0.323153,0.0862888,-0.942405,0.0594777,0.992014,0.111226,0.944476,-0.0919951,0.31544,
0.85778,0.076269,-0.508328,-0.0246887,0.993903,0.107463,0.513425,-0.0796298,0.854432,
0.871149,0.0379467,0.489551,-0.0144189,0.998556,-0.051743,-0.490807,0.0380171,0.870438,
0.275527,0.0146355,0.961182,0.052692,0.998151,-0.0303028,-0.959848,0.0589959,0.274247,
409.702
2021-12-22-11-22-03:
456.345,0,240,0,456.345,135,0,0,1,
0.551635,-0.104931,-0.827459,0.00751144,0.99264,-0.120871,0.834051,0.060461,0.548364,
0.954181,-0.112774,-0.277164,0.0873041,0.990882,-0.102616,0.286209,0.0737168,0.955327,
0.92871,0.233262,0.288247,-0.152451,0.948807,-0.276629,-0.338018,0.212965,0.916728,
0.544594,0.192222,0.816375,0.0994053,0.951727,-0.290404,-0.832788,0.239304,0.499197,
470.066
2021-12-22-11-22-21:
481.199,0,240,0,481.199,135,0,0,1,
-0.0392125,-0.201994,-0.978601,-0.138459,0.971005,-0.194878,0.989592,0.127855,-0.0660435,
0.572998,-0.214649,-0.790948,0.0128869,0.967333,-0.253181,0.819455,0.134879,0.557046,
0.618536,-0.0727265,0.782383,-0.0414961,0.991295,0.124952,-0.78466,-0.109753,0.610134,
-0.135007,-0.0852975,0.987166,-0.0952057,0.992795,0.0727633,-0.98626,-0.0841603,-0.142155,
396.059
2021-12-22-11-22-54:
362.443,0,240,0,362.443,135,0,0,1,
0.294986,-0.0462875,-0.95438,-0.0162778,0.998438,-0.0534555,0.955363,0.0313038,0.293771,
0.913285,-0.0440202,-0.404935,0.0162106,0.997284,-0.0718527,0.406998,0.0590578,0.911518,
0.903576,0.0337105,0.4271,-0.00889238,0.998161,-0.0599707,-0.428336,0.0503901,0.902213,
0.357325,0.0573942,0.932215,-0.00550832,0.998222,-0.0593468,-0.933964,0.0160712,0.357006,
423.535
2021-12-22-11-27-13:
372.502,0,240,0,372.502,135,0,0,1,
0.362424,-0.180432,-0.914382,-0.0739984,0.972414,-0.221213,0.929071,0.147836,0.339074,
0.921195,-0.189227,-0.339989,0.116756,0.967944,-0.222378,0.37117,0.165158,0.913759,
0.908437,0.141175,0.393462,-0.0978437,0.98691,-0.128202,-0.40641,0.0779655,0.910359,
0.493664,0.123012,0.860909,0.0165054,0.988442,-0.1507,-0.869496,0.0886047,0.485928,
506.749
2021-12-22-11-27-27:
360.427,0,240,0,360.427,135,0,0,1,
-0.141425,-0.201771,-0.969168,-0.103513,0.976656,-0.188225,0.984522,0.0737018,-0.159009,
0.640829,-0.215262,-0.736886,0.0720122,0.972505,-0.221467,0.764299,0.0888578,0.638711,
0.69215,0.119037,0.71187,-0.0874283,0.992871,-0.0810186,-0.716439,-0.0061606,0.697622,
-0.0173223,0.106291,0.994184,0.0157697,0.994239,-0.106022,-0.999726,0.0138414,-0.0188987,
404.672
2021-12-22-11-27-42:
396.494,0,240,0,396.494,135,0,0,1,
-0.298032,0.143239,-0.943747,-0.129606,-0.985594,-0.108661,-0.945716,0.089931,0.312303,
0.460796,0.126958,-0.878379,-0.0136641,-0.988583,-0.150055,-0.887401,0.0811469,-0.4538,
0.482834,0.168366,0.859374,-0.00299484,0.981655,-0.19064,-0.875706,0.0894738,0.474481,
-0.2172,0.161036,0.962752,0.142194,0.980997,-0.132009,-0.965715,0.108225,-0.235971,
437.328
2021-12-22-11-27-55:
376.971,0,240,0,376.971,135,0,0,1,
0.336295,0.00269315,-0.941753,0.0236975,0.999655,0.011321,0.941458,-0.0261244,0.336115,
0.918707,0.0108779,-0.394791,-0.0126501,0.999918,-0.00188648,0.394738,0.00672726,0.918769,
0.9086,0.0069519,0.41761,-0.00517688,0.999972,-0.00538299,-0.417635,0.00272906,0.90861,
0.394149,-0.0143567,0.918934,0.0212002,0.999754,0.00652613,-0.918802,0.0169093,0.394357,
435.347
2021-12-22-11-29-59:
373.831,0,240,0,373.831,135,0,0,1,
0.308761,-0.0226992,-0.950869,-0.00891948,0.999602,-0.0267589,0.951098,0.0167434,0.308436,
0.912582,-0.033047,-0.407556,0.0166822,0.998908,-0.0436432,0.408553,0.033029,0.912137,
0.904085,0.0301177,0.426289,-0.0160028,0.9992,-0.0366553,-0.427052,0.0263177,0.903844,
0.360687,0.0320672,0.932136,0.0055391,0.999318,-0.0365217,-0.932671,0.0183361,0.360263,
426.553
