2022-02-23-17-15-18:
438.685,0,320,0,438.685,180,0,0,1,0.250281,-0.0194311,-0.967978,-0.00416979,0.999768,-0.0211474,0.968165,0.00932905,0.250141,
474.621,0,320,0,474.621,180,0,0,1,0.910844,-0.00568578,-0.412712,0.00930772,0.999934,0.00676619,0.412646,-0.0100043,0.910837,
502.721,0,320,0,502.721,180,0,0,1,0.905,0.0138628,0.425185,-0.00951759,0.999879,-0.0123421,-0.425304,0.00712284,0.905022,
525.749,0,320,0,525.749,180,0,0,1,0.292726,0.0363566,0.955505,0.00402803,0.999221,-0.039254,-0.956188,0.0153395,0.292351,
0
2022-02-23-17-20-24:
438.685,0,320,0,438.685,180,0,0,1,0.250281,-0.0194311,-0.967978,-0.00416979,0.999768,-0.0211474,0.968165,0.00932905,0.250141,
474.621,0,320,0,474.621,180,0,0,1,0.910844,-0.00568578,-0.412712,0.00930772,0.999934,0.00676619,0.412646,-0.0100043,0.910837,
502.721,0,320,0,502.721,180,0,0,1,0.905,0.0138628,0.425185,-0.00951759,0.999879,-0.0123421,-0.425304,0.00712284,0.905022,
525.749,0,320,0,525.749,180,0,0,1,0.292726,0.0363566,0.955505,0.00402803,0.999221,-0.039254,-0.956188,0.0153395,0.292351,
488.671
2022-02-23-17-54-50:
438.685,0,320,0,438.685,180,0,0,1,0.250281,-0.0194311,-0.967978,-0.00416979,0.999768,-0.0211474,0.968165,0.00932905,0.250141,
474.621,0,320,0,474.621,180,0,0,1,0.910844,-0.00568578,-0.412712,0.00930772,0.999934,0.00676619,0.412646,-0.0100043,0.910837,
502.721,0,320,0,502.721,180,0,0,1,0.905,0.0138628,0.425185,-0.00951759,0.999879,-0.0123421,-0.425304,0.00712284,0.905022,
525.749,0,320,0,525.749,180,0,0,1,0.292726,0.0363566,0.955505,0.00402803,0.999221,-0.039254,-0.956188,0.0153395,0.292351,
488.671
2022-02-23-18-07-20:
438.685,0,320,0,438.685,180,0,0,1,0.250281,-0.0194311,-0.967978,-0.00416979,0.999768,-0.0211474,0.968165,0.00932905,0.250141,
474.621,0,320,0,474.621,180,0,0,1,0.910844,-0.00568578,-0.412712,0.00930772,0.999934,0.00676619,0.412646,-0.0100043,0.910837,
502.721,0,320,0,502.721,180,0,0,1,0.905,0.0138628,0.425185,-0.00951759,0.999879,-0.0123421,-0.425304,0.00712284,0.905022,
525.749,0,320,0,525.749,180,0,0,1,0.292726,0.0363566,0.955505,0.00402803,0.999221,-0.039254,-0.956188,0.0153395,0.292351,
488.671
2022-02-23-18-09-04:
438.685,0,320,0,438.685,180,0,0,1,0.250281,-0.0194311,-0.967978,-0.00416979,0.999768,-0.0211474,0.968165,0.00932905,0.250141,
474.621,0,320,0,474.621,180,0,0,1,0.910844,-0.00568578,-0.412712,0.00930772,0.999934,0.00676619,0.412646,-0.0100043,0.910837,
502.721,0,320,0,502.721,180,0,0,1,0.905,0.0138628,0.425185,-0.00951759,0.999879,-0.0123421,-0.425304,0.00712284,0.905022,
525.749,0,320,0,525.749,180,0,0,1,0.292726,0.0363566,0.955505,0.00402803,0.999221,-0.039254,-0.956188,0.0153395,0.292351,
488.671
2022-02-23-18-09-14:
438.685,0,320,0,438.685,180,0,0,1,0.250281,-0.0194311,-0.967978,-0.00416979,0.999768,-0.0211474,0.968165,0.00932905,0.250141,
474.621,0,320,0,474.621,180,0,0,1,0.910844,-0.00568578,-0.412712,0.00930772,0.999934,0.00676619,0.412646,-0.0100043,0.910837,
502.721,0,320,0,502.721,180,0,0,1,0.905,0.0138628,0.425185,-0.00951759,0.999879,-0.0123421,-0.425304,0.00712284,0.905022,
525.749,0,320,0,525.749,180,0,0,1,0.292726,0.0363566,0.955505,0.00402803,0.999221,-0.039254,-0.956188,0.0153395,0.292351,
488.671
