2022-08-16-09-28-14:
54.3667,0,480,0,54.3667,270,0,0,1,0.809937,0.545521,0.215428,0,0.3673,-0.930102,-0.586517,0.753324,0.29749,
54.3667,0,480,0,54.3667,270,0,0,1,-0.37853,0.90017,-0.215428,1.76288e-09,-0.232747,-0.972537,-0.925589,-0.368135,0.0881017,
54.3667
2022-08-16-09-42-38:
399.739,0,480,0,399.739,270,0,0,1,0.758857,-0.030097,-0.650561,-5.75642e-10,0.998932,-0.0462137,0.651257,0.0350696,0.758047,
400.4,0,480,0,400.4,270,0,0,1,0.758634,0.0352804,0.650561,-9.26903e-08,0.998533,-0.054151,-0.651517,0.0410807,0.757521,
400.07
2022-08-16-10-25-28:
1500,0,480,0,1500,270,0,0,1,0.491821,0.0701788,-0.867863,0,0.996746,0.0806008,0.870696,-0.0396412,0.490221,
1500,0,480,0,1500,270,0,0,1,0.48297,0.116415,0.867863,-4.73005e-08,0.991123,-0.132949,-0.875637,0.0642106,0.478683,
1500
2022-08-16-10-31-13:
1500,0,480,0,1500,270,0,0,1,0.49707,-0.187404,-0.847232,0,0.976399,-0.215975,0.867711,0.107355,0.485339,
1500,0,480,0,1500,270,0,0,1,0.526296,-0.0721894,0.847232,-1.95103e-07,0.99639,0.0848987,-0.850302,-0.044682,0.524396,
1500
2022-08-16-10-31-33:
1500,0,480,0,1500,270,0,0,1,0.543152,-0.101998,-0.833416,0,0.992594,-0.121479,0.839634,0.0659814,0.539129,
1500,0,480,0,1500,270,0,0,1,0.55214,-0.0236491,0.833416,4.54205e-08,0.999598,0.0283647,-0.833752,-0.0156612,0.551917,
1500
2022-08-16-13-58-16:
505.05,0,480,0,505.05,270,0,0,1,-0.266909,0.836056,-0.479344,0,-0.497388,-0.867528,-0.963722,-0.231551,0.132757,
505.05,0,480,0,505.05,270,0,0,1,0.658869,-0.57976,0.479344,5.40089e-08,0.637206,0.770693,-0.752258,-0.507786,0.419835,
505.05
2022-08-18-11-49-35:
361.41,0,480,0,361.41,270,0,0,1,0.727691,-0.00386327,-0.685894,7.12945e-12,0.999984,-0.00563237,0.685905,0.00409862,0.727679,
369.65,0,480,0,369.65,270,0,0,1,0.727661,-0.00760274,0.685894,7.95872e-08,0.999938,0.0110837,-0.685936,-0.0080651,0.727617,
365.53
2022-08-18-13-54-02:
381.422,0,480,0,381.422,270,0,0,1,0.741387,-0.0072209,-0.671038,2.35189e-11,0.999942,-0.0107602,0.671077,0.00797745,0.741345,
382.475,0,480,0,382.475,270,0,0,1,0.741399,-0.00594801,0.671038,1.32422e-07,0.999961,0.0088634,-0.671065,-0.00657122,0.74137,
381.948
2022-08-18-13-56-22:
506.997,0,480,0,506.997,270,0,0,1,0.840386,0.0154345,-0.541769,8.28463e-10,0.999594,0.0284776,0.541988,-0.0239322,0.840045,
528.538,0,480,0,528.538,270,0,0,1,0.840453,-0.0112144,0.541769,-1.13672e-07,0.999786,0.0206953,-0.541885,-0.0173935,0.840273,
517.768
2022-08-18-13-56-37:
506.997,0,480,0,506.997,270,0,0,1,0.840386,0.0154345,-0.541769,8.28463e-10,0.999594,0.0284776,0.541988,-0.0239322,0.840045,
528.538,0,480,0,528.538,270,0,0,1,0.840453,-0.0112144,0.541769,-1.13672e-07,0.999786,0.0206953,-0.541885,-0.0173935,0.840273,
517.768
2022-08-18-13-57-15:
389.315,0,480,0,389.315,270,0,0,1,0.75003,-0.00466986,-0.661387,2.37316e-10,0.999975,-0.00706053,0.661403,0.00529561,0.750012,
392.742,0,480,0,392.742,270,0,0,1,0.75003,-0.00465461,0.661387,-6.65315e-08,0.999975,0.00703755,-0.661403,-0.00527842,0.750012,
391.028
2022-08-18-13-59-08:
308.421,0,480,0,308.421,270,0,0,1,0.661934,-0.00900046,-0.749508,2.15173e-09,0.999928,-0.0120076,0.749562,0.00794824,0.661886,
299.843,0,480,0,299.843,270,0,0,1,0.661982,-0.0040781,0.749508,-1.04622e-08,0.999985,0.00544096,-0.749519,-0.00360184,0.661973,
304.132
2022-08-18-14-00-04:
347.378,0,480,0,347.378,270,0,0,1,0.711682,-0.00280421,-0.702497,-2.16013e-11,0.999992,-0.00399175,0.702502,0.00284086,0.711676,
352.725,0,480,0,352.725,270,0,0,1,0.711606,-0.0107487,0.702497,2.0173e-08,0.999883,0.0152989,-0.702579,-0.0108867,0.711523,
350.052
2022-08-18-14-00-35:
354.982,0,480,0,354.982,270,0,0,1,0.719423,-0.011399,-0.694478,5.97358e-10,0.999865,-0.0164116,0.694572,0.0118069,0.719327,
361.249,0,480,0,361.249,270,0,0,1,0.719507,-0.00307168,0.694478,4.85144e-08,0.99999,0.00442291,-0.694485,-0.00318229,0.7195,
358.116
2022-08-18-14-01-05:
331.26,0,480,0,331.26,270,0,0,1,0.692966,0.000660153,-0.72097,7.73275e-10,1,0.000915646,0.72097,-0.000634512,0.692966,
331.9,0,480,0,331.9,270,0,0,1,0.692837,-0.0133714,0.72097,1.25812e-07,0.999828,0.0185431,-0.721094,-0.0128473,0.692718,
331.58
2022-08-22-18-05-38:
192.683,0,480,0,192.683,270,0,0,1,0.988096,-0.0269622,-0.151458,0,0.984522,-0.175262,0.153839,0.173176,0.972802,
192.683,0,480,0,192.683,270,0,0,1,-0.983027,-0.103526,0.151458,-8.81082e-09,-0.825568,-0.564302,0.183459,-0.554725,0.811556,
192.683
2022-08-23-10-37-03:
691.256,0,480,0,691.256,270,0,0,1,0.850531,0.020949,-0.525507,0,0.999206,0.0398327,0.525924,-0.033879,0.849856,
691.256,0,480,0,691.256,270,0,0,1,0.850277,-0.0295146,0.525507,-3.4141e-08,0.998426,0.0560758,-0.526335,-0.04768,0.848939,
691.256
2022-08-23-10-39-03:
1500,0,480,0,1500,270,0,0,1,0.540288,-0.056289,-0.839595,0,0.99776,-0.0668929,0.84148,0.0361414,0.539078,
1500,0,480,0,1500,270,0,0,1,0.542552,0.0267772,0.839595,1.16063e-07,0.999492,-0.0318768,-0.840022,0.0172949,0.542276,
1500
2022-08-23-10-39-22:
1500,0,480,0,1500,270,0,0,1,0.999911,0.00377881,-0.0127884,0,0.959009,0.283375,0.013335,-0.28335,0.958924,
1500,0,480,0,1500,270,0,0,1,0.994683,0.102182,0.0127884,-4.57872e-09,0.124184,-0.992259,-0.10298,0.986984,0.123524,
1500
2022-08-23-10-39-54:
325.176,0,480,0,325.176,270,0,0,1,0.608285,0.0397404,-0.792723,0,0.998746,0.0500686,0.793718,-0.030456,0.607523,
325.176,0,480,0,325.176,270,0,0,1,0.609394,-0.0151569,0.792723,-3.31151e-08,0.999817,0.0191166,-0.792868,-0.0116495,0.609282,
325.176
2022-08-23-10-42-27:
288.439,0,480,0,288.439,270,0,0,1,0.564244,-0.0271488,-0.825161,-1.70851e-09,0.999459,-0.0328834,0.825608,0.0185542,0.563939,
287.434,0,480,0,287.434,270,0,0,1,0.564888,0.0031269,0.825161,-3.55645e-08,0.999993,-0.0037894,-0.825167,0.00214056,0.564884,
287.936
2022-08-23-10-43-50:
1500,0,480,0,1500,270,0,0,1,0.999826,0.004056,0.018191,0,0.976033,-0.217624,-0.0186377,0.217586,0.975863,
1500,0,480,0,1500,270,0,0,1,0.980584,0.195252,-0.018191,1.69395e-08,0.0927649,0.995688,0.196097,-0.976356,0.0909638,
1500
2022-08-23-10-44-15:
219.242,0,480,0,219.242,270,0,0,1,0.174469,-0.418927,-0.891101,0,0.904981,-0.425453,0.984663,0.0742283,0.157891,
219.242,0,480,0,219.242,270,0,0,1,0.452178,-0.0384047,0.891101,-6.10278e-08,0.999073,0.0430581,-0.891928,-0.01947,0.451758,
219.242
2022-08-23-10-44-28:
1500,0,480,0,1500,270,0,0,1,0.977035,-0.0599818,-0.20446,0,0.95956,-0.281503,0.213077,0.275038,0.937524,
1500,0,480,0,1500,270,0,0,1,-0.888418,0.410986,0.20446,4.33858e-08,-0.445413,0.895325,0.459036,0.795423,0.395712,
1500
2022-08-23-10-44-43:
1500,0,480,0,1500,270,0,0,1,0.999784,0.0128705,-0.0163355,0,0.785489,0.618876,0.0207966,-0.618742,0.785319,
1500,0,480,0,1500,270,0,0,1,0.999658,-0.0204223,0.0163355,3.92376e-09,0.62464,0.780913,-0.0261519,-0.780646,0.624426,
1500
2022-08-23-10-45-55:
1500,0,480,0,1500,270,0,0,1,0.828203,-0.0349755,0.559335,0,0.998051,0.0624086,-0.560428,-0.051687,0.826589,
1500,0,480,0,1500,270,0,0,1,-0.119538,0.820277,-0.559335,-1.04148e-07,-0.563375,-0.826201,-0.99283,-0.0987623,0.0673447,
1500
2022-08-23-10-46-08:
1500,0,480,0,1500,270,0,0,1,0.999993,8.27805e-05,-0.00368228,0,0.999747,0.0224751,0.00368321,-0.022475,0.999741,
1500,0,480,0,1500,270,0,0,1,-0.966542,-0.256482,0.00368228,1.24502e-08,-0.0143554,-0.999897,0.256508,-0.966442,0.0138751,
1500
2022-08-23-10-49-07:
1500,0,480,0,1500,270,0,0,1,0.992,-0.0125779,0.125613,0,0.995024,0.0996339,-0.126241,-0.0988368,0.987063,
1500,0,480,0,1500,270,0,0,1,0.991755,0.0253719,-0.125613,1.33632e-08,0.980205,0.197986,0.12815,-0.196353,0.972123,
1500
2022-08-23-10-49-33:
1307.09,0,480,0,1307.09,270,0,0,1,0.974937,-0.00223452,-0.222468,0,0.99995,-0.0100437,0.222479,0.00979199,0.974888,
1307.09,0,480,0,1307.09,270,0,0,1,0.974599,0.0258013,0.222468,-4.04944e-08,0.993342,-0.115205,-0.223959,0.112279,0.968109,
1307.09
2022-08-23-10-50-30:
1500,0,480,0,1500,270,0,0,1,0.977333,-0.105515,0.183538,0,0.866946,0.498401,-0.211707,-0.487104,0.847296,
1500,0,480,0,1500,270,0,0,1,0.981904,0.046672,-0.183538,1.23375e-08,0.969156,0.246447,0.189379,-0.241987,0.951618,
1500
2022-08-23-10-58-02:
8385.9,0,480,0,8385.9,270,0,0,1,0.99999,0.00434501,-0.00149057,-7.16248e-10,0.32449,0.945889,0.00459357,-0.945879,0.324486,
8378.19,0,480,0,8378.19,270,0,0,1,0.99999,-0.00431866,0.00149057,5.93467e-10,0.326259,0.94528,-0.00456865,-0.94527,0.326256,
8382.04
2022-08-29-18-13-22:
455.979,0,480,0,455.979,270,0,0,1,0.735609,-0.00914608,-0.677345,2.96283e-10,0.999909,-0.0135016,0.677406,0.00993191,0.735542,
451.775,0,480,0,451.775,270,0,0,1,0.735651,-0.00460872,0.677345,6.28504e-08,0.999977,0.00680387,-0.67736,-0.00500523,0.735635,
453.877
2022-08-29-18-15-00:
407.719,0,480,0,407.719,270,0,0,1,0.69548,-0.00743864,-0.718507,3.22652e-10,0.999946,-0.0103524,0.718545,0.00719986,0.695443,
400.948,0,480,0,400.948,270,0,0,1,0.695455,-0.00952923,0.718507,-2.4669e-08,0.999912,0.0132614,-0.71857,-0.00922273,0.695393,
404.334
2022-08-29-18-24-26:
501.619,0,480,0,501.619,270,0,0,1,0.766495,-0.0124118,-0.64213,4.80757e-10,0.999813,-0.0193255,0.64225,0.0148129,0.766352,
496.534,0,480,0,496.534,270,0,0,1,0.766596,1.10718e-06,0.64213,2.31352e-08,1,-1.75043e-06,-0.64213,1.35309e-06,0.766596,
499.076
2022-09-02-09-51-51:
507.385,0,480,0,507.385,270,0,0,1,0.76504,-0.0138374,-0.643834,-1.5216e-09,0.999769,-0.0214873,0.643982,0.0164386,0.764864,
496.397,0,480,0,496.397,270,0,0,1,0.765164,0.00131873,0.643834,1.05201e-07,0.999998,-0.00204838,-0.643835,0.00156741,0.765163,
501.891
2022-09-02-01-08-17:
1500,0,480,0,1500,270,0,0,1,1,0,0,0,1,0,0,0,1,
1500,0,480,0,1500,270,0,0,1,1,0,0,0,1,0,0,0,1,
1500
2022-09-02-01-15-24:
1500,0,480,0,1500,270,0,0,1,1,0,0,0,1,0,0,0,1,
1500,0,480,0,1500,270,0,0,1,1,0,0,0,1,0,0,0,1,
1500
2022-09-01-20-12-52:
1500,0,480,0,1500,270,0,0,1,1,0,0,0,1,0,0,0,1,
1500,0,480,0,1500,270,0,0,1,1,0,0,0,1,0,0,0,1,
1500
2022-09-01-20-17-43:
1500,0,480,0,1500,270,0,0,1,1,0,0,0,1,0,0,0,1,
1500,0,480,0,1500,270,0,0,1,1,0,0,0,1,0,0,0,1,
1500
2022-09-01-20-19-40:
1500,0,480,0,1500,270,0,0,1,1,0,0,0,1,0,0,0,1,
1500,0,480,0,1500,270,0,0,1,1,0,0,0,1,0,0,0,1,
1500
2022-09-01-20-22-50:
1500,0,480,0,1500,270,0,0,1,1,0,0,0,1,0,0,0,1,
1500,0,480,0,1500,270,0,0,1,1,0,0,0,1,0,0,0,1,
1500
2022-09-20-11-35-43:
1500,0,480,0,1500,270,0,0,1,1,0,0,0,1,0,0,0,1,
1500,0,480,0,1500,270,0,0,1,1,0,0,0,1,0,0,0,1,
1500
2022-09-20-11-37-37:
1500,0,480,0,1500,270,0,0,1,0.950618,0.13149,0.281133,0,0.905819,-0.423665,-0.310363,0.402743,0.861088,
1500,0,480,0,1500,270,0,0,1,0.863229,0.419284,-0.281133,-2.3962e-08,0.556907,0.830575,0.504812,-0.716977,0.480738,
1500
