2022-02-11-12-41-12:
474.36,0,320,0,474.36,180,0,0,1,
0.34195,-0.0252273,-0.939379,0.00591723,0.999678,-0.0246926,0.9397,0.00288513,0.341989,
0.924702,-0.00348356,-0.380675,0.00556594,0.999975,0.0043695,0.380651,-0.0061593,0.924698,
0.918018,0.0183816,0.396113,-0.0137066,0.999799,-0.0146296,-0.396302,0.00800084,0.918086,
0.381554,0.0273374,0.923942,0.0141857,0.999272,-0.0354244,-0.924238,0.0266231,0.380888,
554.176
2022-02-11-12-44-14:
348.373,0,240,0,348.373,135,0,0,1,
0.33638,-0.0290944,-0.941277,0.000375198,0.999527,-0.0307608,0.941726,0.00999415,0.336232,
0.925464,-0.0113162,-0.378666,0.0112678,0.999934,-0.00234391,0.378667,-0.00209752,0.92553,
0.917393,0.0228335,0.397327,-0.0165954,0.999679,-0.0191321,-0.397636,0.0109579,0.917478,
0.384281,0.0332971,0.922616,0.0121532,0.99908,-0.0411187,-0.923136,0.0270138,0.383523,
415.86
2022-02-11-12-46-09:
348.373,0,240,0,348.373,135,0,0,1,
0.33638,-0.0290944,-0.941277,0.000375198,0.999527,-0.0307608,0.941726,0.00999415,0.336232,
0.925464,-0.0113162,-0.378666,0.0112678,0.999934,-0.00234391,0.378667,-0.00209752,0.92553,
0.917393,0.0228335,0.397327,-0.0165954,0.999679,-0.0191321,-0.397636,0.0109579,0.917478,
0.384281,0.0332971,0.922616,0.0121532,0.99908,-0.0411187,-0.923136,0.0270138,0.383523,
415.86
2022-02-11-12-46-27:
348.373,0,240,0,348.373,135,0,0,1,
0.33638,-0.0290944,-0.941277,0.000375198,0.999527,-0.0307608,0.941726,0.00999415,0.336232,
0.925464,-0.0113162,-0.378666,0.0112678,0.999934,-0.00234391,0.378667,-0.00209752,0.92553,
0.917393,0.0228335,0.397327,-0.0165954,0.999679,-0.0191321,-0.397636,0.0109579,0.917478,
0.384281,0.0332971,0.922616,0.0121532,0.99908,-0.0411187,-0.923136,0.0270138,0.383523,
415.86
2022-02-11-12-48-19:
348.373,0,240,0,348.373,135,0,0,1,
0.33638,-0.0290944,-0.941277,0.000375198,0.999527,-0.0307608,0.941726,0.00999415,0.336232,
0.925464,-0.0113162,-0.378666,0.0112678,0.999934,-0.00234391,0.378667,-0.00209752,0.92553,
0.917393,0.0228335,0.397327,-0.0165954,0.999679,-0.0191321,-0.397636,0.0109579,0.917478,
0.384281,0.0332971,0.922616,0.0121532,0.99908,-0.0411187,-0.923136,0.0270138,0.383523,
415.86
2022-02-11-12-48-52:
474.36,0,320,0,474.36,180,0,0,1,
0.34195,-0.0252273,-0.939379,0.00591723,0.999678,-0.0246926,0.9397,0.00288513,0.341989,
0.924702,-0.00348356,-0.380675,0.00556594,0.999975,0.0043695,0.380651,-0.0061593,0.924698,
0.918018,0.0183816,0.396113,-0.0137066,0.999799,-0.0146296,-0.396302,0.00800084,0.918086,
0.381554,0.0273374,0.923942,0.0141857,0.999272,-0.0354244,-0.924238,0.0266231,0.380888,
554.176
2022-02-11-16-24-58:
458.725,0,320,0,458.725,180,0,0,1,
0.313716,-0.0123635,-0.949436,-0.00132798,0.999909,-0.0134595,0.949516,0.00548331,0.313671,
0.921781,-0.000601293,-0.387711,0.00563956,0.999914,0.0118573,0.387671,-0.0131163,0.921705,
0.913652,0.00829421,0.406413,-0.00681947,0.999964,-0.00507681,-0.406441,0.00186691,0.913675,
0.364858,0.0247481,0.930734,0.0039708,0.999596,-0.0281357,-0.931055,0.0139613,0.364613,
540.795
2022-02-11-16-55-37:
450.242,0,320,0,450.242,180,0,0,1,
0.287072,-0.0100017,-0.957857,-0.0146687,0.999782,-0.0148357,0.957797,0.0183094,0.286863,
0.919709,-0.00628806,-0.392551,0.0115548,0.999872,0.0110554,0.392431,-0.0147036,0.919664,
0.909872,0.00435307,0.414867,-0.0037642,0.99999,-0.00223707,-0.414873,0.000473806,0.909879,
0.351997,0.029363,0.93554,-0.00849773,0.999567,-0.0281753,-0.935962,0.00196765,0.352094,
533.829
2022-02-11-17-02-02:
549.317,0,320,0,549.317,180,0,0,1,
0.5047,-0.0043967,-0.863283,0.0148864,0.999883,0.0036106,0.863166,-0.0146734,0.504706,
0.945554,0.0182244,-0.324954,-0.00936943,0.999541,0.0287942,0.325329,-0.0241819,0.945291,
0.94093,0.0036232,0.338581,-0.00648301,0.999952,0.00731595,-0.338538,-0.00907882,0.940909,
0.527332,-0.00223174,0.849656,0.0141205,0.999881,-0.00613746,-0.849542,0.0152341,0.527301,
649.747
2022-02-11-17-12-14:
503.159,0,320,0,503.159,180,0,0,1,
0.440612,-0.0149222,-0.897574,0.00992933,0.999882,-0.0117489,0.897643,-0.0037356,0.440708,
0.940545,0.00649921,-0.339608,-0.000802281,0.999857,0.0169127,0.339669,-0.0156347,0.940415,
0.931854,0.011444,0.362654,-0.011511,0.999932,-0.00197594,-0.362652,-0.00233323,0.931922,
0.4849,0.00852874,0.874528,0.0146549,0.999733,-0.0178755,-0.874447,0.021484,0.484646,
626.679
2022-02-11-18-19-56:
468.94,0,320,0,468.94,180,0,0,1,
0.346661,-0.0212094,-0.937751,-0.00603409,0.999673,-0.0248406,0.937971,0.0142697,0.34642,
0.927093,-0.00123938,-0.374829,0.000367581,0.999997,-0.00239734,0.374831,0.00208478,0.927091,
0.918535,0.00162528,0.395336,0.00553154,0.999841,-0.0169626,-0.395301,0.0177676,0.91838,
0.396541,0.037674,0.917244,-0.00839726,0.999265,-0.0374126,-0.917979,0.00713329,0.396566,
557.47
2022-02-11-18-33-04:
430.437,0,320,0,430.437,180,0,0,1,
0.222843,-0.0084289,-0.974818,-0.0143204,0.999827,-0.0119188,0.974749,0.0166158,0.222683,
0.906323,-0.00526517,-0.422554,0.0111894,0.999871,0.011541,0.422438,-0.015188,0.906265,
0.901274,0.00720307,0.433189,-0.00566179,0.999972,-0.00484788,-0.433212,0.00191665,0.90129,
0.262886,0.0352523,0.964183,-0.00702659,0.999376,-0.0346232,-0.964801,0.00232704,0.26297,
489.687
2022-02-11-19-04-34:
579.673,0,320,0,579.673,180,0,0,1,
0.458838,-0.013548,-0.888417,-0.0577221,0.997317,-0.0450202,0.886643,0.0719382,0.456825,
0.92691,-0.0245359,-0.37448,0.00823068,0.998949,-0.0450786,0.375193,0.0387015,0.926138,
0.910888,-0.0120961,0.412476,0.0335219,0.998436,-0.0447483,-0.411289,0.0545877,0.909869,
0.185094,0.492467,0.850421,-0.0630961,0.869544,-0.489808,-0.980693,0.0370022,0.19202,
547.907
2022-02-11-19-04-51:
421.219,0,320,0,421.219,180,0,0,1,
0.81729,0.103747,-0.56681,-0.252601,0.948612,-0.190598,0.517908,0.298951,0.801498,
0.955405,0.0198013,0.294632,0.0612065,0.962803,-0.263181,-0.288884,0.269478,0.918655,
0.416147,0.0460405,0.908131,0.222996,0.963051,-0.151012,-0.88153,0.265353,0.390504,
-0.146203,-0.757752,-0.635954,-0.377367,-0.55153,0.743914,-0.91445,0.348751,-0.205315,
526.147
2022-02-11-19-05-09:
873.26,0,320,0,873.26,180,0,0,1,
0.603475,-0.0346836,-0.796627,-0.0785927,0.991602,-0.10271,0.793499,0.124592,0.595681,
0.913498,-0.0353241,-0.405307,-0.0148158,0.992674,-0.119908,0.406574,0.115541,0.906282,
0.9116,-0.247475,0.328239,0.132973,0.933077,0.334193,-0.388977,-0.261003,0.883501,
0.444262,-0.198211,0.873695,-0.135631,0.949098,0.284284,-0.885571,-0.244796,0.394764,
359.384
2022-02-11-19-06-57:
376.543,0,320,0,376.543,180,0,0,1,
0.129062,-0.0980354,-0.986779,0.0244622,0.995113,-0.095664,0.991335,-0.0117922,0.130829,
0.897657,-0.0132424,-0.440495,-0.00342195,0.999309,-0.0370152,0.440681,0.0347343,0.896992,
0.891192,0.0332592,0.452404,-0.00632705,0.998123,-0.0609149,-0.453581,0.0514245,0.88973,
0.211822,0.068999,0.974869,0.0262161,0.996745,-0.0762436,-0.976957,0.0417073,0.209324,
466.978
2022-02-14-14-32-53:
400.87,0,320,0,400.87,180,0,0,1,
0.140191,0.00478749,-0.990113,-0.0147092,0.999888,0.00275207,0.990015,0.014178,0.140245,
0.902329,-0.0146814,-0.430798,0.0053802,0.999726,-0.0228012,0.431015,0.0182564,0.90216,
0.888676,0.0162484,0.458249,0.000814521,0.999314,-0.0370127,-0.458536,0.0332656,0.888053,
0.268455,0.0348229,0.962662,-0.0130989,0.999386,-0.0324985,-0.963203,-0.00388542,0.268747,
494.698
2022-02-14-14-36-28:
400.87,0,320,0,400.87,180,0,0,1,
0.140191,0.00478749,-0.990113,-0.0147092,0.999888,0.00275207,0.990015,0.014178,0.140245,
0.902329,-0.0146814,-0.430798,0.0053802,0.999726,-0.0228012,0.431015,0.0182564,0.90216,
0.888676,0.0162484,0.458249,0.000814521,0.999314,-0.0370127,-0.458536,0.0332656,0.888053,
0.268455,0.0348229,0.962662,-0.0130989,0.999386,-0.0324985,-0.963203,-0.00388542,0.268747,
494.698
2022-02-14-14-39-10:
400.87,0,320,0,400.87,180,0,0,1,
0.140191,0.00478749,-0.990113,-0.0147092,0.999888,0.00275207,0.990015,0.014178,0.140245,
0.902329,-0.0146814,-0.430798,0.0053802,0.999726,-0.0228012,0.431015,0.0182564,0.90216,
0.888676,0.0162484,0.458249,0.000814521,0.999314,-0.0370127,-0.458536,0.0332656,0.888053,
0.268455,0.0348229,0.962662,-0.0130989,0.999386,-0.0324985,-0.963203,-0.00388542,0.268747,
494.698
2022-02-14-14-42-48:
400.87,0,320,0,400.87,180,0,0,1,
0.140191,0.00478749,-0.990113,-0.0147092,0.999888,0.00275207,0.990015,0.014178,0.140245,
0.902329,-0.0146814,-0.430798,0.0053802,0.999726,-0.0228012,0.431015,0.0182564,0.90216,
0.888676,0.0162484,0.458249,0.000814521,0.999314,-0.0370127,-0.458536,0.0332656,0.888053,
0.268455,0.0348229,0.962662,-0.0130989,0.999386,-0.0324985,-0.963203,-0.00388542,0.268747,
494.698
2022-02-14-14-54-53:
400.87,0,320,0,400.87,180,0,0,1,
0.140191,0.00478749,-0.990113,-0.0147092,0.999888,0.00275207,0.990015,0.014178,0.140245,
0.902329,-0.0146814,-0.430798,0.0053802,0.999726,-0.0228012,0.431015,0.0182564,0.90216,
0.888676,0.0162484,0.458249,0.000814521,0.999314,-0.0370127,-0.458536,0.0332656,0.888053,
0.268455,0.0348229,0.962662,-0.0130989,0.999386,-0.0324985,-0.963203,-0.00388542,0.268747,
494.698
2022-02-14-14-56-38:
400.87,0,320,0,400.87,180,0,0,1,
0.140191,0.00478749,-0.990113,-0.0147092,0.999888,0.00275207,0.990015,0.014178,0.140245,
0.902329,-0.0146814,-0.430798,0.0053802,0.999726,-0.0228012,0.431015,0.0182564,0.90216,
0.888676,0.0162484,0.458249,0.000814521,0.999314,-0.0370127,-0.458536,0.0332656,0.888053,
0.268455,0.0348229,0.962662,-0.0130989,0.999386,-0.0324985,-0.963203,-0.00388542,0.268747,
494.698
2022-02-14-15-05-40:
400.87,0,320,0,400.87,180,0,0,1,
0.140191,0.00478749,-0.990113,-0.0147092,0.999888,0.00275207,0.990015,0.014178,0.140245,
0.902329,-0.0146814,-0.430798,0.0053802,0.999726,-0.0228012,0.431015,0.0182564,0.90216,
0.888676,0.0162484,0.458249,0.000814521,0.999314,-0.0370127,-0.458536,0.0332656,0.888053,
0.268455,0.0348229,0.962662,-0.0130989,0.999386,-0.0324985,-0.963203,-0.00388542,0.268747,
494.698
2022-02-14-15-10-00:
400.87,0,320,0,400.87,180,0,0,1,
0.140191,0.00478749,-0.990113,-0.0147092,0.999888,0.00275207,0.990015,0.014178,0.140245,
0.902329,-0.0146814,-0.430798,0.0053802,0.999726,-0.0228012,0.431015,0.0182564,0.90216,
0.888676,0.0162484,0.458249,0.000814521,0.999314,-0.0370127,-0.458536,0.0332656,0.888053,
0.268455,0.0348229,0.962662,-0.0130989,0.999386,-0.0324985,-0.963203,-0.00388542,0.268747,
494.698
2022-02-14-15-12-34:
400.87,0,320,0,400.87,180,0,0,1,
0.140191,0.00478749,-0.990113,-0.0147092,0.999888,0.00275207,0.990015,0.014178,0.140245,
0.902329,-0.0146814,-0.430798,0.0053802,0.999726,-0.0228012,0.431015,0.0182564,0.90216,
0.888676,0.0162484,0.458249,0.000814521,0.999314,-0.0370127,-0.458536,0.0332656,0.888053,
0.268455,0.0348229,0.962662,-0.0130989,0.999386,-0.0324985,-0.963203,-0.00388542,0.268747,
494.698
2022-02-14-16-15-25:
400.87,0,320,0,400.87,180,0,0,1,
0.140191,0.00478749,-0.990113,-0.0147092,0.999888,0.00275207,0.990015,0.014178,0.140245,
0.902329,-0.0146814,-0.430798,0.0053802,0.999726,-0.0228012,0.431015,0.0182564,0.90216,
0.888676,0.0162484,0.458249,0.000814521,0.999314,-0.0370127,-0.458536,0.0332656,0.888053,
0.268455,0.0348229,0.962662,-0.0130989,0.999386,-0.0324985,-0.963203,-0.00388542,0.268747,
494.698
2022-02-14-16-20-52:
400.87,0,320,0,400.87,180,0,0,1,
0.140191,0.00478749,-0.990113,-0.0147092,0.999888,0.00275207,0.990015,0.014178,0.140245,
0.902329,-0.0146814,-0.430798,0.0053802,0.999726,-0.0228012,0.431015,0.0182564,0.90216,
0.888676,0.0162484,0.458249,0.000814521,0.999314,-0.0370127,-0.458536,0.0332656,0.888053,
0.268455,0.0348229,0.962662,-0.0130989,0.999386,-0.0324985,-0.963203,-0.00388542,0.268747,
494.698
2022-02-14-16-21-27:
400.87,0,320,0,400.87,180,0,0,1,
0.140191,0.00478749,-0.990113,-0.0147092,0.999888,0.00275207,0.990015,0.014178,0.140245,
0.902329,-0.0146814,-0.430798,0.0053802,0.999726,-0.0228012,0.431015,0.0182564,0.90216,
0.888676,0.0162484,0.458249,0.000814521,0.999314,-0.0370127,-0.458536,0.0332656,0.888053,
0.268455,0.0348229,0.962662,-0.0130989,0.999386,-0.0324985,-0.963203,-0.00388542,0.268747,
494.698
2022-02-14-16-21-43:
400.87,0,320,0,400.87,180,0,0,1,
0.140191,0.00478749,-0.990113,-0.0147092,0.999888,0.00275207,0.990015,0.014178,0.140245,
0.902329,-0.0146814,-0.430798,0.0053802,0.999726,-0.0228012,0.431015,0.0182564,0.90216,
0.888676,0.0162484,0.458249,0.000814521,0.999314,-0.0370127,-0.458536,0.0332656,0.888053,
0.268455,0.0348229,0.962662,-0.0130989,0.999386,-0.0324985,-0.963203,-0.00388542,0.268747,
494.698
2022-02-14-16-24-34:
400.87,0,320,0,400.87,180,0,0,1,
0.140191,0.00478749,-0.990113,-0.0147092,0.999888,0.00275207,0.990015,0.014178,0.140245,
0.902329,-0.0146814,-0.430798,0.0053802,0.999726,-0.0228012,0.431015,0.0182564,0.90216,
0.888676,0.0162484,0.458249,0.000814521,0.999314,-0.0370127,-0.458536,0.0332656,0.888053,
0.268455,0.0348229,0.962662,-0.0130989,0.999386,-0.0324985,-0.963203,-0.00388542,0.268747,
494.698
2022-02-14-16-24-50:
400.87,0,320,0,400.87,180,0,0,1,
0.140191,0.00478749,-0.990113,-0.0147092,0.999888,0.00275207,0.990015,0.014178,0.140245,
0.902329,-0.0146814,-0.430798,0.0053802,0.999726,-0.0228012,0.431015,0.0182564,0.90216,
0.888676,0.0162484,0.458249,0.000814521,0.999314,-0.0370127,-0.458536,0.0332656,0.888053,
0.268455,0.0348229,0.962662,-0.0130989,0.999386,-0.0324985,-0.963203,-0.00388542,0.268747,
494.698
2022-02-14-17-17-54:
400.87,0,320,0,400.87,180,0,0,1,
0.140191,0.00478749,-0.990113,-0.0147092,0.999888,0.00275207,0.990015,0.014178,0.140245,
0.902329,-0.0146814,-0.430798,0.0053802,0.999726,-0.0228012,0.431015,0.0182564,0.90216,
0.888676,0.0162484,0.458249,0.000814521,0.999314,-0.0370127,-0.458536,0.0332656,0.888053,
0.268455,0.0348229,0.962662,-0.0130989,0.999386,-0.0324985,-0.963203,-0.00388542,0.268747,
494.698
2018-01-29-00-52-08:
400.87,0,320,0,400.87,180,0,0,1,
0.140191,0.00478749,-0.990113,-0.0147092,0.999888,0.00275207,0.990015,0.014178,0.140245,
0.902329,-0.0146814,-0.430798,0.0053802,0.999726,-0.0228012,0.431015,0.0182564,0.90216,
0.888676,0.0162484,0.458249,0.000814521,0.999314,-0.0370127,-0.458536,0.0332656,0.888053,
0.268455,0.0348229,0.962662,-0.0130989,0.999386,-0.0324985,-0.963203,-0.00388542,0.268747,
494.698
2022-02-15-10-10-20:
400.87,0,320,0,400.87,180,0,0,1,
0.140191,0.00478749,-0.990113,-0.0147092,0.999888,0.00275207,0.990015,0.014178,0.140245,
0.902329,-0.0146814,-0.430798,0.0053802,0.999726,-0.0228012,0.431015,0.0182564,0.90216,
0.888676,0.0162484,0.458249,0.000814521,0.999314,-0.0370127,-0.458536,0.0332656,0.888053,
0.268455,0.0348229,0.962662,-0.0130989,0.999386,-0.0324985,-0.963203,-0.00388542,0.268747,
494.698
2022-02-15-10-23-36:
400.87,0,320,0,400.87,180,0,0,1,
0.140191,0.00478749,-0.990113,-0.0147092,0.999888,0.00275207,0.990015,0.014178,0.140245,
0.902329,-0.0146814,-0.430798,0.0053802,0.999726,-0.0228012,0.431015,0.0182564,0.90216,
0.888676,0.0162484,0.458249,0.000814521,0.999314,-0.0370127,-0.458536,0.0332656,0.888053,
0.268455,0.0348229,0.962662,-0.0130989,0.999386,-0.0324985,-0.963203,-0.00388542,0.268747,
494.698
2022-02-15-10-26-50:
400.87,0,320,0,400.87,180,0,0,1,
0.140191,0.00478749,-0.990113,-0.0147092,0.999888,0.00275207,0.990015,0.014178,0.140245,
0.902329,-0.0146814,-0.430798,0.0053802,0.999726,-0.0228012,0.431015,0.0182564,0.90216,
0.888676,0.0162484,0.458249,0.000814521,0.999314,-0.0370127,-0.458536,0.0332656,0.888053,
0.268455,0.0348229,0.962662,-0.0130989,0.999386,-0.0324985,-0.963203,-0.00388542,0.268747,
494.698
2022-02-15-11-13-09:
400.87,0,320,0,400.87,180,0,0,1,
0.140191,0.00478749,-0.990113,-0.0147092,0.999888,0.00275207,0.990015,0.014178,0.140245,
0.902329,-0.0146814,-0.430798,0.0053802,0.999726,-0.0228012,0.431015,0.0182564,0.90216,
0.888676,0.0162484,0.458249,0.000814521,0.999314,-0.0370127,-0.458536,0.0332656,0.888053,
0.268455,0.0348229,0.962662,-0.0130989,0.999386,-0.0324985,-0.963203,-0.00388542,0.268747,
494.698
2022-02-15-11-17-32:
400.87,0,320,0,400.87,180,0,0,1,
0.140191,0.00478749,-0.990113,-0.0147092,0.999888,0.00275207,0.990015,0.014178,0.140245,
0.902329,-0.0146814,-0.430798,0.0053802,0.999726,-0.0228012,0.431015,0.0182564,0.90216,
0.888676,0.0162484,0.458249,0.000814521,0.999314,-0.0370127,-0.458536,0.0332656,0.888053,
0.268455,0.0348229,0.962662,-0.0130989,0.999386,-0.0324985,-0.963203,-0.00388542,0.268747,
494.698
2022-02-15-11-19-52:
400.87,0,320,0,400.87,180,0,0,1,
0.140191,0.00478749,-0.990113,-0.0147092,0.999888,0.00275207,0.990015,0.014178,0.140245,
0.902329,-0.0146814,-0.430798,0.0053802,0.999726,-0.0228012,0.431015,0.0182564,0.90216,
0.888676,0.0162484,0.458249,0.000814521,0.999314,-0.0370127,-0.458536,0.0332656,0.888053,
0.268455,0.0348229,0.962662,-0.0130989,0.999386,-0.0324985,-0.963203,-0.00388542,0.268747,
494.698
2022-02-15-15-40-54:
400.87,0,320,0,400.87,180,0,0,1,
0.140191,0.00478749,-0.990113,-0.0147092,0.999888,0.00275207,0.990015,0.014178,0.140245,
0.902329,-0.0146814,-0.430798,0.0053802,0.999726,-0.0228012,0.431015,0.0182564,0.90216,
0.888676,0.0162484,0.458249,0.000814521,0.999314,-0.0370127,-0.458536,0.0332656,0.888053,
0.268455,0.0348229,0.962662,-0.0130989,0.999386,-0.0324985,-0.963203,-0.00388542,0.268747,
494.698
2022-02-16-09-39-27:
400.87,0,320,0,400.87,180,0,0,1,
0.140191,0.00478749,-0.990113,-0.0147092,0.999888,0.00275207,0.990015,0.014178,0.140245,
0.902329,-0.0146814,-0.430798,0.0053802,0.999726,-0.0228012,0.431015,0.0182564,0.90216,
0.888676,0.0162484,0.458249,0.000814521,0.999314,-0.0370127,-0.458536,0.0332656,0.888053,
0.268455,0.0348229,0.962662,-0.0130989,0.999386,-0.0324985,-0.963203,-0.00388542,0.268747,
494.698
2022-02-16-09-42-26:
400.87,0,320,0,400.87,180,0,0,1,
0.140191,0.00478749,-0.990113,-0.0147092,0.999888,0.00275207,0.990015,0.014178,0.140245,
0.902329,-0.0146814,-0.430798,0.0053802,0.999726,-0.0228012,0.431015,0.0182564,0.90216,
0.888676,0.0162484,0.458249,0.000814521,0.999314,-0.0370127,-0.458536,0.0332656,0.888053,
0.268455,0.0348229,0.962662,-0.0130989,0.999386,-0.0324985,-0.963203,-0.00388542,0.268747,
494.698
2022-02-16-09-44-19:
400.87,0,320,0,400.87,180,0,0,1,
0.140191,0.00478749,-0.990113,-0.0147092,0.999888,0.00275207,0.990015,0.014178,0.140245,
0.902329,-0.0146814,-0.430798,0.0053802,0.999726,-0.0228012,0.431015,0.0182564,0.90216,
0.888676,0.0162484,0.458249,0.000814521,0.999314,-0.0370127,-0.458536,0.0332656,0.888053,
0.268455,0.0348229,0.962662,-0.0130989,0.999386,-0.0324985,-0.963203,-0.00388542,0.268747,
494.698
2022-02-16-09-45-02:
400.87,0,320,0,400.87,180,0,0,1,
0.140191,0.00478749,-0.990113,-0.0147092,0.999888,0.00275207,0.990015,0.014178,0.140245,
0.902329,-0.0146814,-0.430798,0.0053802,0.999726,-0.0228012,0.431015,0.0182564,0.90216,
0.888676,0.0162484,0.458249,0.000814521,0.999314,-0.0370127,-0.458536,0.0332656,0.888053,
0.268455,0.0348229,0.962662,-0.0130989,0.999386,-0.0324985,-0.963203,-0.00388542,0.268747,
494.698
2022-02-16-10-01-18:
400.87,0,320,0,400.87,180,0,0,1,
0.140191,0.00478749,-0.990113,-0.0147092,0.999888,0.00275207,0.990015,0.014178,0.140245,
0.902329,-0.0146814,-0.430798,0.0053802,0.999726,-0.0228012,0.431015,0.0182564,0.90216,
0.888676,0.0162484,0.458249,0.000814521,0.999314,-0.0370127,-0.458536,0.0332656,0.888053,
0.268455,0.0348229,0.962662,-0.0130989,0.999386,-0.0324985,-0.963203,-0.00388542,0.268747,
494.698
2022-02-16-10-05-23:
400.87,0,320,0,400.87,180,0,0,1,
0.140191,0.00478749,-0.990113,-0.0147092,0.999888,0.00275207,0.990015,0.014178,0.140245,
0.902329,-0.0146814,-0.430798,0.0053802,0.999726,-0.0228012,0.431015,0.0182564,0.90216,
0.888676,0.0162484,0.458249,0.000814521,0.999314,-0.0370127,-0.458536,0.0332656,0.888053,
0.268455,0.0348229,0.962662,-0.0130989,0.999386,-0.0324985,-0.963203,-0.00388542,0.268747,
494.698
2022-02-16-10-12-06:
400.87,0,320,0,400.87,180,0,0,1,
0.140191,0.00478749,-0.990113,-0.0147092,0.999888,0.00275207,0.990015,0.014178,0.140245,
0.902329,-0.0146814,-0.430798,0.0053802,0.999726,-0.0228012,0.431015,0.0182564,0.90216,
0.888676,0.0162484,0.458249,0.000814521,0.999314,-0.0370127,-0.458536,0.0332656,0.888053,
0.268455,0.0348229,0.962662,-0.0130989,0.999386,-0.0324985,-0.963203,-0.00388542,0.268747,
494.698
