2022-02-23-17-15-22:
451.179,0,320,0,451.179,180,0,0,1,0.252421,0.0103195,-0.967563,-0.00348737,0.999946,0.00975508,0.967611,0.000911866,0.252443,
489.011,0,320,0,489.011,180,0,0,1,0.914703,-0.00335195,-0.404112,0.000198541,0.999969,-0.00784497,0.404126,0.00709559,0.914676,
521.198,0,320,0,521.198,180,0,0,1,0.903261,0.0079947,0.429018,0.0024789,0.999713,-0.0238487,-0.429085,0.022605,0.902981,
566.992,0,320,0,566.992,180,0,0,1,0.333268,0.018183,0.942657,-0.00462206,0.999834,-0.0176518,-0.942821,0.00152575,0.333297,
3.7024e+35
2022-02-23-17-20-28:
451.179,0,320,0,451.179,180,0,0,1,0.252421,0.0103195,-0.967563,-0.00348737,0.999946,0.00975508,0.967611,0.000911866,0.252443,
489.011,0,320,0,489.011,180,0,0,1,0.914703,-0.00335195,-0.404112,0.000198541,0.999969,-0.00784497,0.404126,0.00709559,0.914676,
521.198,0,320,0,521.198,180,0,0,1,0.903261,0.0079947,0.429018,0.0024789,0.999713,-0.0238487,-0.429085,0.022605,0.902981,
566.992,0,320,0,566.992,180,0,0,1,0.333268,0.018183,0.942657,-0.00462206,0.999834,-0.0176518,-0.942821,0.00152575,0.333297,
505.105
2022-02-23-17-54-53:
451.179,0,320,0,451.179,180,0,0,1,0.252421,0.0103195,-0.967563,-0.00348737,0.999946,0.00975508,0.967611,0.000911866,0.252443,
489.011,0,320,0,489.011,180,0,0,1,0.914703,-0.00335195,-0.404112,0.000198541,0.999969,-0.00784497,0.404126,0.00709559,0.914676,
521.198,0,320,0,521.198,180,0,0,1,0.903261,0.0079947,0.429018,0.0024789,0.999713,-0.0238487,-0.429085,0.022605,0.902981,
566.992,0,320,0,566.992,180,0,0,1,0.333268,0.018183,0.942657,-0.00462206,0.999834,-0.0176518,-0.942821,0.00152575,0.333297,
505.105
2022-02-23-18-07-23:
451.179,0,320,0,451.179,180,0,0,1,0.252421,0.0103195,-0.967563,-0.00348737,0.999946,0.00975508,0.967611,0.000911866,0.252443,
489.011,0,320,0,489.011,180,0,0,1,0.914703,-0.00335195,-0.404112,0.000198541,0.999969,-0.00784497,0.404126,0.00709559,0.914676,
521.198,0,320,0,521.198,180,0,0,1,0.903261,0.0079947,0.429018,0.0024789,0.999713,-0.0238487,-0.429085,0.022605,0.902981,
566.992,0,320,0,566.992,180,0,0,1,0.333268,0.018183,0.942657,-0.00462206,0.999834,-0.0176518,-0.942821,0.00152575,0.333297,
505.105
2022-02-23-18-09-07:
451.179,0,320,0,451.179,180,0,0,1,0.252421,0.0103195,-0.967563,-0.00348737,0.999946,0.00975508,0.967611,0.000911866,0.252443,
489.011,0,320,0,489.011,180,0,0,1,0.914703,-0.00335195,-0.404112,0.000198541,0.999969,-0.00784497,0.404126,0.00709559,0.914676,
521.198,0,320,0,521.198,180,0,0,1,0.903261,0.0079947,0.429018,0.0024789,0.999713,-0.0238487,-0.429085,0.022605,0.902981,
566.992,0,320,0,566.992,180,0,0,1,0.333268,0.018183,0.942657,-0.00462206,0.999834,-0.0176518,-0.942821,0.00152575,0.333297,
505.105
2022-02-23-18-09-17:
451.179,0,320,0,451.179,180,0,0,1,0.252421,0.0103195,-0.967563,-0.00348737,0.999946,0.00975508,0.967611,0.000911866,0.252443,
489.011,0,320,0,489.011,180,0,0,1,0.914703,-0.00335195,-0.404112,0.000198541,0.999969,-0.00784497,0.404126,0.00709559,0.914676,
521.198,0,320,0,521.198,180,0,0,1,0.903261,0.0079947,0.429018,0.0024789,0.999713,-0.0238487,-0.429085,0.022605,0.902981,
566.992,0,320,0,566.992,180,0,0,1,0.333268,0.018183,0.942657,-0.00462206,0.999834,-0.0176518,-0.942821,0.00152575,0.333297,
505.105
