2021-12-20-18-03-24:
750,0,240,0,750,135,0,0,1,
-0.861791,0.498354,0.0946488,-0.478073,-0.860319,0.176911,0.169593,0.107212,0.979665,
0.809122,-0.249195,-0.532188,-0.211339,0.721643,-0.659218,0.548323,0.645859,0.531232,
0.863971,-0.190463,-0.46613,-0.207346,0.709015,-0.674022,0.458869,0.678986,0.573077,
0.196663,0.380402,0.903669,-0.314548,0.89743,-0.309321,-0.928646,-0.223416,0.296146,
4807.69
2021-12-21-09-44-43:
750,0,240,0,750,135,0,0,1,
-0.15317,-0.945991,-0.285727,-0.23286,0.315548,-0.919894,0.960372,-0.0743662,-0.268616,
-0.0232945,-0.971511,-0.235848,0.209533,0.225928,-0.951343,0.977524,-0.071579,0.198301,
0.948235,0.218812,0.230156,0.0139441,0.695356,-0.71853,-0.317264,0.684545,0.656309,
0.883238,0.367377,0.291418,-0.0498266,0.691469,-0.720686,-0.46627,0.622017,0.629037,
6405.98
2021-12-21-09-58-32:
-4787.51,0,240,0,-4787.51,135,0,0,1,
0.436871,0.869286,-0.231271,-0.074326,0.291109,0.953798,0.896448,-0.399497,0.191788,
0.394134,0.879371,-0.26714,0.000358543,0.290522,0.956868,0.919053,-0.37723,0.114189,
0.367839,0.879953,-0.300629,0.0774736,0.29317,0.952916,0.926657,-0.37381,0.0396663,
0.572209,-0.184693,0.79904,0.00669639,0.975331,0.220646,-0.820081,-0.120905,0.55933,
-4677.1
2021-12-21-09-59-59:
4720.46,0,240,0,4720.46,135,0,0,1,
0.991516,0.00288112,-0.129955,-0.0182224,0.992963,-0.117017,0.128703,0.118392,0.984591,
0.998935,-0.0162406,-0.0431952,0.0110869,0.993072,-0.11698,0.0447957,0.116377,0.992195,
0.998921,-0.0235949,0.0399995,0.0279753,0.99323,-0.11275,-0.0370684,0.113748,0.992818,
0.990427,0.0363927,0.13315,-0.021155,0.993243,-0.114113,-0.136404,0.110204,0.984505,
4547.12
2021-12-22-11-07-35:
381.813,0,240,0,381.813,135,0,0,1,
0.300752,-0.061827,-0.951696,0.05615,0.997313,-0.0470461,0.952048,-0.0392886,0.303416,
0.920505,0.0220941,-0.390107,-0.0494037,0.996968,-0.0601096,0.387596,0.0746038,0.918805,
0.91064,0.0103436,0.41307,0.0200179,0.997408,-0.0691067,-0.412715,0.0712002,0.908073,
0.369428,0.0312875,0.928732,0.0280429,0.998602,-0.0447961,-0.928836,0.0425933,0.368034,
432.268
2021-12-22-11-08-49:
415.477,0,240,0,415.477,135,0,0,1,
0.385942,-0.0730366,-0.919627,0.0415213,0.997226,-0.0617741,0.921588,-0.0143429,0.387904,
0.932356,0.0162206,-0.361177,-0.0487787,0.995503,-0.0812107,0.358236,0.093335,0.928954,
0.921795,0.00915701,0.387569,0.0261819,0.995968,-0.0858026,-0.386792,0.0892397,0.917839,
0.446361,0.0537848,0.893235,0.0119183,0.997746,-0.0660336,-0.894774,0.0401207,0.444714,
470.046
2021-12-22-11-11-56:
360.723,0,240,0,360.723,135,0,0,1,
0.275716,-0.00815331,-0.961204,-0.0198867,0.999701,-0.0141842,0.961033,0.023026,0.275472,
0.909955,-0.0138181,-0.414477,-0.00683872,0.998809,-0.0483129,0.41465,0.0467971,0.908777,
0.903607,-0.00849819,0.428277,0.0250652,0.999139,-0.0330585,-0.427628,0.0406068,0.903042,
0.317461,0.0405522,0.947404,-0.0344708,0.998918,-0.0312066,-0.947645,-0.0227509,0.318515,
411.786
2021-12-22-11-14-36:
435.718,0,240,0,435.718,135,0,0,1,
0.819901,0.57211,0.0212927,0.342319,-0.519716,0.78276,0.45889,-0.634496,-0.62196,
0.595325,0.585149,0.550626,-0.26304,-0.5056,0.821693,0.759209,-0.634011,-0.147078,
0.724516,0.170931,-0.667727,0.0488432,0.953594,0.297108,0.687525,-0.247873,0.682546,
0.985235,0.141889,0.0958078,-0.161851,0.954359,0.251004,-0.0558204,-0.262805,0.963233,
377.078
2021-12-22-11-14-50:
384.417,0,240,0,384.417,135,0,0,1,
0.341893,0.0204251,-0.939517,0.0102515,0.999623,0.0254624,0.939683,-0.0183369,0.341554,
0.918184,0.0146494,-0.395884,-0.0140722,0.999892,0.00436243,0.395905,0.00156542,0.91829,
0.910081,-0.0131331,0.414223,0.0104751,0.999908,0.00868774,-0.414299,-0.00356751,0.910134,
0.388818,-0.0158252,0.921178,-0.000301643,0.99985,0.0173041,-0.921315,-0.00700601,0.388755,
434.131
2021-12-22-11-20-56:
464.51,0,240,0,464.51,135,0,0,1,
0.389811,-0.20367,-0.89809,-0.0682106,0.966172,-0.248716,0.918365,0.158212,0.362732,
0.869244,-0.216031,-0.444685,0.112092,0.962171,-0.24832,0.481508,0.166005,0.860577,
0.903661,0.119148,0.411339,-0.0906018,0.991966,-0.0882918,-0.418554,0.0425178,0.907196,
0.352575,0.0900986,0.931436,0.0312774,0.993663,-0.107957,-0.935261,0.0671959,0.347523,
405.49
2021-12-22-11-21-13:
447.37,0,240,0,447.37,135,0,0,1,
0.462795,-0.0724529,-0.8835,-0.0086531,0.996238,-0.0862309,0.886423,0.0475522,0.460426,
0.926828,-0.0811152,-0.36662,0.0527873,0.994838,-0.0866612,0.371757,0.0609671,0.926326,
0.927888,0.0987586,0.359541,-0.0685201,0.993027,-0.0959303,-0.366508,0.0643768,0.928185,
0.449244,0.0710624,0.890579,0.0415343,0.994093,-0.100274,-0.892443,0.0820369,0.443638,
438.076
2021-12-22-11-21-32:
472.709,0,240,0,472.709,135,0,0,1,
-0.5553,-0.718475,0.41885,0.360189,0.246177,0.899811,-0.749603,0.650531,0.122084,
-0.69195,-0.721884,-0.00947759,-0.285569,0.261623,0.921956,-0.663066,0.640654,-0.387178,
0.858346,0.155611,-0.488904,0.166704,0.816611,0.55259,0.485234,-0.555815,0.674994,
0.989848,0.117793,0.0795322,-0.142119,0.813586,0.563808,0.00170632,-0.569387,0.822068,
551.087
2021-12-22-11-22-00:
484.194,0,240,0,484.194,135,0,0,1,
-0.900265,0.370638,0.228364,-0.422926,-0.620215,-0.660656,-0.103229,-0.691347,0.715111,
-0.849581,0.367858,-0.378011,0.0700754,-0.631595,-0.772125,-0.522782,-0.682472,0.510813,
0.935302,0.216471,-0.279913,-0.227204,0.973828,-0.00606779,0.271273,0.0692723,0.960006,
0.886844,0.170255,0.42956,-0.122578,0.98302,-0.136551,-0.445514,0.0684448,0.892655,
432.295
2021-12-22-11-22-17:
481.199,0,240,0,481.199,135,0,0,1,
-0.00432653,0.000476541,-0.999991,-0.0382792,0.999267,0.000641812,0.999258,0.0382816,-0.0043051,
0.613959,-0.0121938,-0.789244,-0.0289684,0.998859,-0.0379671,0.788806,0.0461734,0.612905,
0.59017,-0.107114,0.800141,0.0174199,0.992617,0.120031,-0.807091,-0.0569005,0.587679,
-0.0969047,-0.110928,0.989093,-0.0757358,0.99171,0.103801,-0.992408,-0.0648508,-0.104503,
438.645
2021-12-22-11-22-51:
360.469,0,240,0,360.469,135,0,0,1,
0.28417,-0.0462585,-0.957657,-0.0152488,0.998491,-0.0527558,0.958653,0.0295947,0.283036,
0.911119,-0.0424026,-0.409955,0.0134756,0.997227,-0.0731961,0.411922,0.061166,0.909164,
0.901909,0.0322906,0.430717,-0.00621019,0.998068,-0.0618207,-0.431881,0.0530818,0.900367,
0.344547,0.0592775,0.936896,-0.00680199,0.998136,-0.0606507,-0.938745,0.0145242,0.344307,
418.419
2021-12-22-11-27-10:
408.175,0,240,0,408.175,135,0,0,1,
0.688517,-0.257142,0.678102,0.137241,0.964333,0.226334,-0.712116,-0.0627711,0.69925,
0.0169539,-0.238519,0.97099,-0.0587554,0.969214,0.239109,-0.998129,-0.0611047,0.0024177,
-0.554137,-0.398479,-0.730854,0.147606,-0.911104,0.38484,-0.819234,0.105376,0.563694,
0.0719752,-0.389434,-0.918238,-0.162601,-0.912891,0.374421,-0.984063,0.122358,-0.129028,
437.727
2021-12-22-11-27-24:
371.79,0,240,0,371.79,135,0,0,1,
0.618707,0.0364786,-0.784775,0.0459601,0.99553,0.0825096,0.784276,-0.0871176,0.614265,
0.996709,0.0373099,-0.0719629,-0.0321712,0.996937,0.0712902,0.0744023,-0.0687405,0.994856,
0.995685,0.0320384,0.0870864,-0.0263978,0.997525,-0.0651672,-0.0889587,0.0625871,0.994067,
0.638389,0.00980966,0.769651,0.0468576,0.997569,-0.0515808,-0.768286,0.0689927,0.636378,
404.908
2021-12-22-11-27-38:
396.494,0,240,0,396.494,135,0,0,1,
0.611792,0.109958,-0.783339,0.0738268,0.978032,0.194946,0.787566,-0.177098,0.590234,
0.987047,0.108085,-0.118561,-0.0868914,0.981384,0.171277,0.134866,-0.158756,0.978063,
0.976811,0.0380635,0.210695,-0.0108216,0.99159,-0.128967,-0.213832,0.123696,0.969007,
0.72228,0.0233912,0.691205,0.0708451,0.991668,-0.107589,-0.687963,0.126678,0.714605,
598.623
2021-12-22-11-27-51:
390.852,0,240,0,390.852,135,0,0,1,
-0.0460125,-0.412124,-0.909965,-0.255162,0.885561,-0.388169,0.965803,0.214328,-0.145905,
0.621607,-0.423095,-0.659238,0.0983675,0.877085,-0.470156,0.777128,0.227405,0.586821,
0.751657,-0.169529,0.637394,-0.0299239,0.956641,0.289728,-0.658875,-0.23685,0.713993,
0.313817,-0.182347,0.931809,-0.160584,0.957055,0.241369,-0.935805,-0.22538,0.271058,
608.736
2021-12-22-11-29-56:
361.207,0,240,0,361.207,135,0,0,1,
0.273349,-0.0274333,-0.961524,-0.00846151,0.999486,-0.0309219,0.961878,0.0165884,0.272977,
0.907418,-0.0334366,-0.418897,0.0138117,0.998664,-0.049795,0.420002,0.0393992,0.906668,
0.898749,0.0300399,0.437434,-0.0126157,0.999009,-0.0426849,-0.438283,0.0328445,0.898237,
0.330718,0.0374539,0.942986,0.00338155,0.999159,-0.0408709,-0.943724,0.0167055,0.330313,
412.887
