2022-02-23-17-15-22:
451.179,0,320,0,451.179,180,0,0,1,0.252421,0.0103195,-0.967563,-0.00348737,0.999946,0.00975508,0.967611,0.000911866,0.252443,
489.011,0,320,0,489.011,180,0,0,1,0.914703,-0.00335195,-0.404112,0.000198541,0.999969,-0.00784497,0.404126,0.00709559,0.914676,
521.198,0,320,0,521.198,180,0,0,1,0.903261,0.0079947,0.429018,0.0024789,0.999713,-0.0238487,-0.429085,0.022605,0.902981,
566.992,0,320,0,566.992,180,0,0,1,0.333268,0.018183,0.942657,-0.00462206,0.999834,-0.0176518,-0.942821,0.00152575,0.333297,
3.7024e+35
2022-02-23-17-20-28:
451.179,0,320,0,451.179,180,0,0,1,0.252421,0.0103195,-0.967563,-0.00348737,0.999946,0.00975508,0.967611,0.000911866,0.252443,
489.011,0,320,0,489.011,180,0,0,1,0.914703,-0.00335195,-0.404112,0.000198541,0.999969,-0.00784497,0.404126,0.00709559,0.914676,
521.198,0,320,0,521.198,180,0,0,1,0.903261,0.0079947,0.429018,0.0024789,0.999713,-0.0238487,-0.429085,0.022605,0.902981,
566.992,0,320,0,566.992,180,0,0,1,0.333268,0.018183,0.942657,-0.00462206,0.999834,-0.0176518,-0.942821,0.00152575,0.333297,
505.105
2022-02-23-17-54-53:
451.179,0,320,0,451.179,180,0,0,1,0.252421,0.0103195,-0.967563,-0.00348737,0.999946,0.00975508,0.967611,0.000911866,0.252443,
489.011,0,320,0,489.011,180,0,0,1,0.914703,-0.00335195,-0.404112,0.000198541,0.999969,-0.00784497,0.404126,0.00709559,0.914676,
521.198,0,320,0,521.198,180,0,0,1,0.903261,0.0079947,0.429018,0.0024789,0.999713,-0.0238487,-0.429085,0.022605,0.902981,
566.992,0,320,0,566.992,180,0,0,1,0.333268,0.018183,0.942657,-0.00462206,0.999834,-0.0176518,-0.942821,0.00152575,0.333297,
505.105
2022-02-23-18-07-23:
451.179,0,320,0,451.179,180,0,0,1,0.252421,0.0103195,-0.967563,-0.00348737,0.999946,0.00975508,0.967611,0.000911866,0.252443,
489.011,0,320,0,489.011,180,0,0,1,0.914703,-0.00335195,-0.404112,0.000198541,0.999969,-0.00784497,0.404126,0.00709559,0.914676,
521.198,0,320,0,521.198,180,0,0,1,0.903261,0.0079947,0.429018,0.0024789,0.999713,-0.0238487,-0.429085,0.022605,0.902981,
566.992,0,320,0,566.992,180,0,0,1,0.333268,0.018183,0.942657,-0.00462206,0.999834,-0.0176518,-0.942821,0.00152575,0.333297,
505.105
2022-02-23-18-09-07:
451.179,0,320,0,451.179,180,0,0,1,0.252421,0.0103195,-0.967563,-0.00348737,0.999946,0.00975508,0.967611,0.000911866,0.252443,
489.011,0,320,0,489.011,180,0,0,1,0.914703,-0.00335195,-0.404112,0.000198541,0.999969,-0.00784497,0.404126,0.00709559,0.914676,
521.198,0,320,0,521.198,180,0,0,1,0.903261,0.0079947,0.429018,0.0024789,0.999713,-0.0238487,-0.429085,0.022605,0.902981,
566.992,0,320,0,566.992,180,0,0,1,0.333268,0.018183,0.942657,-0.00462206,0.999834,-0.0176518,-0.942821,0.00152575,0.333297,
505.105
2022-02-23-18-09-17:
451.179,0,320,0,451.179,180,0,0,1,0.252421,0.0103195,-0.967563,-0.00348737,0.999946,0.00975508,0.967611,0.000911866,0.252443,
489.011,0,320,0,489.011,180,0,0,1,0.914703,-0.00335195,-0.404112,0.000198541,0.999969,-0.00784497,0.404126,0.00709559,0.914676,
521.198,0,320,0,521.198,180,0,0,1,0.903261,0.0079947,0.429018,0.0024789,0.999713,-0.0238487,-0.429085,0.022605,0.902981,
566.992,0,320,0,566.992,180,0,0,1,0.333268,0.018183,0.942657,-0.00462206,0.999834,-0.0176518,-0.942821,0.00152575,0.333297,
505.105
2022-02-25-15-32-12:
520.593,0,320,0,520.593,180,0,0,1,0.385015,0.0121605,-0.92283,0.0015744,0.999903,0.013833,0.922909,-0.00677881,0.384959,
558.079,0,320,0,558.079,180,0,0,1,0.926733,0.00514438,-0.375686,-0.00553318,0.999985,4.3994e-05,0.375681,0.00203797,0.926747,
589.46,0,320,0,589.46,180,0,0,1,0.918408,-0.00347632,0.395619,0.00660132,0.999957,-0.00653796,-0.395579,0.00861612,0.918392,
631.179,0,320,0,631.179,180,0,0,1,0.429855,0.000690044,0.902898,-0.00358513,0.999993,0.000942574,-0.902891,-0.00364218,0.429854,
573.77
2022-02-25-15-32-55:
504.821,0,320,0,504.821,180,0,0,1,0.363861,-0.014261,-0.931344,0.000593254,0.999886,-0.0150787,0.931453,0.00493403,0.363828,
545.386,0,320,0,545.386,180,0,0,1,0.925156,-0.0259676,-0.378697,0.0201455,0.99961,-0.0193287,0.379051,0.010253,0.925319,
515.153,0,320,0,515.153,180,0,0,1,0.923559,0.055301,0.379447,-0.028403,0.996693,-0.0761273,-0.382402,0.0595306,0.922076,
556.926,0,320,0,556.926,180,0,0,1,0.361093,0.060055,0.930594,0.0204333,0.997175,-0.0722803,-0.932306,0.045115,0.358845,
530.269
2022-02-25-15-34-56:
502.154,0,320,0,502.154,180,0,0,1,0.351387,0.0139428,-0.936126,0.00234993,0.999873,0.0157743,0.936227,-0.00774273,0.35131,
540.914,0,320,0,540.914,180,0,0,1,0.922404,0.00715649,-0.386159,-0.00689169,0.999974,0.00207006,0.386164,0.00075186,0.92243,
570.397,0,320,0,570.397,180,0,0,1,0.913781,-0.00458753,0.406181,0.00778913,0.99995,-0.00622939,-0.406132,0.0088561,0.913772,
613.059,0,320,0,613.059,180,0,0,1,0.400938,-6.444e-05,0.916105,-0.00395665,0.99999,0.00180199,-0.916097,-0.00434719,0.400934,
555.655
2022-02-25-15-37-28:
482.641,0,320,0,482.641,180,0,0,1,0.222636,0.00712047,-0.974876,0.00752031,0.999931,0.00902091,0.974873,-0.00933975,0.222567,
527.865,0,320,0,527.865,180,0,0,1,0.874331,-2.67452e-05,-0.485329,-0.000997733,0.999998,-0.00185255,0.485328,0.00210397,0.87433,
567.882,0,320,0,567.882,180,0,0,1,0.863156,0.02459,0.504338,-0.00408535,0.999121,-0.0417222,-0.504921,0.0339524,0.862498,
606.867,0,320,0,606.867,180,0,0,1,0.292388,0.02878,0.955867,0.00931751,0.999414,-0.0329413,-0.956254,0.0185379,0.291949,
547.874
2022-02-25-15-37-48:
500.732,0,320,0,500.732,180,0,0,1,0.618087,0.00771638,-0.786072,0.0488469,0.997643,0.0482015,0.78459,-0.0681899,0.616253,
540.651,0,320,0,540.651,180,0,0,1,0.996117,0.00304442,-0.0879919,0.00209728,0.998298,0.0582823,0.0880195,-0.0582405,0.994415,
550.521,0,320,0,550.521,180,0,0,1,0.98942,0.0946808,0.109928,-0.0724279,0.978874,-0.191207,-0.125709,0.181222,0.975375,
590.595,0,320,0,590.595,180,0,0,1,0.636114,0.107028,0.764136,0.0619084,0.980061,-0.188808,-0.769107,0.16741,0.616804,
545.586
2022-02-25-15-38-09:
499.009,0,320,0,499.009,180,0,0,1,0.346975,0.00790869,-0.937841,-0.00456962,0.999967,0.00674195,0.937863,0.00194629,0.347,
539.669,0,320,0,539.669,180,0,0,1,0.921629,-0.00357759,-0.388055,0.000416541,0.999966,-0.0082297,0.388071,0.00742309,0.921599,
568.709,0,320,0,568.709,180,0,0,1,0.913039,0.00182733,0.407868,0.00404688,0.9999,-0.0135389,-0.407852,0.0140122,0.91294,
610.694,0,320,0,610.694,180,0,0,1,0.396395,0.00981703,0.918028,-0.00629006,0.999948,-0.00797707,-0.918059,-0.00261238,0.396436,
554.189
2022-02-25-15-39-21:
6389.97,0,320,0,6389.97,180,0,0,1,0.881522,-0.0126402,-0.471973,0.013161,0.999911,-0.00219797,0.471959,-0.00427407,0.88161,
6259.21,0,320,0,6259.21,180,0,0,1,0.915245,0.0141867,-0.402647,-0.0168839,0.999852,-0.00314994,0.402543,0.00968124,0.91535,
7983.26,0,320,0,7983.26,180,0,0,1,0.907927,-0.0915123,0.409017,0.0436292,0.991207,0.124923,-0.416852,-0.0955755,0.903936,
7786.33,0,320,0,7786.33,180,0,0,1,0.884699,-0.0228175,0.465604,-0.0404215,0.991284,0.125384,-0.464407,-0.129748,0.876066,
7088.15
2022-02-25-15-39-44:
6288.73,0,320,0,6288.73,180,0,0,1,0.616425,-0.0978137,-0.781315,0.00933101,0.993092,-0.116964,0.787359,0.0648093,0.613079,
6271.4,0,320,0,6271.4,180,0,0,1,0.677558,-0.0812868,-0.730963,-0.00789168,0.993013,-0.117743,0.735427,0.0855464,0.672183,
7961.17,0,320,0,7961.17,180,0,0,1,-0.542124,0.326769,0.77416,-0.0156867,-0.925066,0.379481,0.840152,0.193582,0.506627,
7850.74,0,320,0,7850.74,180,0,0,1,-0.607846,0.292753,0.738119,0.0146564,-0.925261,0.379048,0.79392,0.241221,0.558125,
7069.73
2022-02-25-15-41-21:
5210.1,0,320,0,5210.1,180,0,0,1,0.990875,-0.023481,-0.132723,0.00542926,0.990862,-0.134768,0.134674,0.132818,0.981948,
5189.42,0,320,0,5189.42,180,0,0,1,0.999221,0.00115886,-0.0394418,-0.00651305,0.990702,-0.135894,0.0389176,0.136045,0.989938,
1663.58,0,320,0,1663.58,180,0,0,1,0.998138,-0.00958283,-0.0602345,-0.000675544,0.985783,-0.168024,0.0609883,0.167752,0.983941,
1693.64,0,320,0,1693.64,180,0,0,1,0.971907,0.0372581,0.232399,0.00185466,0.986148,-0.165855,-0.235359,0.161627,0.958375,
3441.53
2022-02-25-15-41-44:
492.936,0,320,0,492.936,180,0,0,1,0.333934,0.00376102,-0.942589,-0.00390736,0.999989,0.00260578,0.942588,0.00281288,0.333945,
531.666,0,320,0,531.666,180,0,0,1,0.920266,-0.00331873,-0.391279,-0.00138152,0.99993,-0.0117304,0.391291,0.0113356,0.920197,
563.184,0,320,0,563.184,180,0,0,1,0.91131,0.00169592,0.411716,0.00588441,0.999836,-0.0171433,-0.411678,0.0180456,0.911151,
605.804,0,320,0,605.804,180,0,0,1,0.386633,0.0122536,0.922152,-0.00720674,0.999921,-0.0102654,-0.922205,-0.00267676,0.386691,
547.425
2022-02-25-15-44-20:
559.368,0,360,0,559.368,202.5,0,0,1,0.339259,0.00111488,-0.940692,-0.000881108,0.999999,0.000867403,0.940692,0.00053458,0.33926,
599.051,0,360,0,599.051,202.5,0,0,1,0.921101,-0.00141099,-0.38932,-0.00362919,0.999919,-0.0122103,0.389306,0.0126599,0.921021,
638.764,0,360,0,638.764,202.5,0,0,1,0.911803,0.00184402,0.410623,0.00624843,0.999812,-0.0183648,-0.41058,0.0193108,0.91162,
686.778,0,360,0,686.778,202.5,0,0,1,0.393171,0.0118153,0.91939,-0.00522839,0.99993,-0.0106145,-0.919451,-0.000633618,0.393205,
618.908
2022-02-25-15-46-43:
565.74,0,360,0,565.74,202.5,0,0,1,0.353819,0.0062451,-0.935293,-0.00181582,0.99998,0.0059901,0.935312,-0.000421086,0.353823,
608.364,0,360,0,608.364,202.5,0,0,1,0.923044,-0.000272623,-0.384694,-0.00299809,0.999964,-0.00790232,0.384683,0.00844754,0.92301,
648.662,0,360,0,648.662,202.5,0,0,1,0.913751,-0.000349981,0.406275,0.00638062,0.999889,-0.0134893,-0.406225,0.0149181,0.913651,
695.157,0,360,0,695.157,202.5,0,0,1,0.40628,0.00812189,0.913712,-0.00595767,0.999963,-0.0062395,-0.913729,-0.00290861,0.406314,
628.513
2022-02-25-16-22-39:
629.213,0,360,0,629.213,202.5,0,0,1,0.391416,-0.00718252,-0.920186,0.00747011,0.999961,-0.00462768,0.920183,-0.00506254,0.391455,
646.74,0,360,0,646.74,202.5,0,0,1,0.9135,-0.00496608,-0.406808,-0.00167452,0.999871,-0.015966,0.406835,0.0152662,0.913374,
672.892,0,360,0,672.892,202.5,0,0,1,0.917914,0.0141701,0.396526,-0.00502477,0.999697,-0.024093,-0.396747,0.0201229,0.917707,
688.816,0,360,0,688.816,202.5,0,0,1,0.365838,-0.0198032,0.930468,0.00879587,0.999803,0.0178206,-0.930637,0.00166483,0.36594,
659.816
2022-02-25-16-25-07:
607.81,0,360,0,607.81,202.5,0,0,1,0.357256,-0.0181728,-0.93383,0.00254822,0.999826,-0.0184822,0.934003,0.00422328,0.35724,
626.608,0,360,0,626.608,202.5,0,0,1,0.907769,-0.0180147,-0.419083,0.00671235,0.999573,-0.028428,0.419416,0.0229931,0.907503,
645.569,0,360,0,645.569,202.5,0,0,1,0.912619,0.0250486,0.408044,-0.0114169,0.999293,-0.0358089,-0.408652,0.0280212,0.91226,
664.026,0,360,0,664.026,202.5,0,0,1,0.327289,-0.0102431,0.944869,0.0104363,0.999919,0.00722494,-0.944867,0.00749632,0.327369,
636.088
2022-02-25-16-28-30:
588.994,0,360,0,588.994,202.5,0,0,1,0.324527,-0.0101344,-0.945822,0.00471638,0.999947,-0.00909607,0.945865,-0.00150893,0.324558,
607.512,0,360,0,607.512,202.5,0,0,1,0.90217,-0.0126171,-0.431197,0.00447999,0.999792,-0.0198814,0.431358,0.0160046,0.902039,
621.672,0,360,0,621.672,202.5,0,0,1,0.907364,0.0206006,0.419841,-0.0096102,0.999554,-0.0282762,-0.420236,0.021622,0.907157,
640.004,0,360,0,640.004,202.5,0,0,1,0.28885,-0.0193723,0.957178,0.0108973,0.999797,0.0169463,-0.957312,0.00553574,0.289002,
614.592
2022-02-25-16-31-12:
598.3,0,360,0,598.3,202.5,0,0,1,0.329958,-0.0185737,-0.943813,0.00675652,0.999827,-0.0173139,0.943971,-0.000664029,0.330027,
592.835,0,360,0,592.835,202.5,0,0,1,0.910912,-0.01424,-0.412354,0.00555697,0.999737,-0.0222488,0.412563,0.0179752,0.910752,
592.281,0,360,0,592.281,202.5,0,0,1,0.910439,0.0265001,0.412794,-0.0134997,0.999318,-0.0343788,-0.413424,0.0257272,0.910175,
612.66,0,360,0,612.66,202.5,0,0,1,0.33098,0.0223713,0.943373,0.015105,0.999465,-0.0290011,-0.943517,0.0238484,0.330465,
595.567
2022-02-25-16-35-15:
555.718,0,360,0,555.718,202.5,0,0,1,0.924322,0.0213287,-0.381016,-0.0711136,0.990575,-0.117066,0.374928,0.135303,0.917127,
597.189,0,360,0,597.189,202.5,0,0,1,0.906004,0.0272491,0.42239,0.036696,0.989111,-0.14252,-0.421675,0.144624,0.895139,
643.102,0,360,0,643.102,202.5,0,0,1,0.299709,0.0374586,0.953295,0.12136,0.989614,-0.0770405,-0.94628,0.138782,0.292051,
406.373,0,360,0,406.373,202.5,0,0,1,0.0244424,0.100179,-0.994669,-0.15905,-0.981904,-0.102801,-0.986968,0.160714,-0.00806676,
576.454
2022-02-25-16-35-46:
637.708,0,360,0,637.708,202.5,0,0,1,0.436564,0.00641396,-0.89965,-0.0657319,0.997529,-0.0247853,0.897269,0.0699561,0.435907,
621.365,0,360,0,621.365,202.5,0,0,1,0.925739,-0.0334294,-0.376684,0.0147588,0.99852,-0.0523443,0.377876,0.0428977,0.924862,
664.677,0,360,0,664.677,202.5,0,0,1,0.918711,-0.0314688,0.393674,0.0485841,0.998254,-0.0335833,-0.39193,0.0499797,0.918636,
342.988,0,360,0,342.988,202.5,0,0,1,0.377085,0.280568,0.88266,-0.0785004,0.959265,-0.271382,-0.922846,0.0330449,0.383749,
629.536
2022-02-25-16-36-38:
547.898,0,360,0,547.898,202.5,0,0,1,0.316116,0.00510566,-0.948707,-0.00261158,0.999986,0.00451144,0.948717,0.00105149,0.316125,
577.116,0,360,0,577.116,202.5,0,0,1,0.915771,-0.00223913,-0.401695,-0.00100744,0.999968,-0.00787073,0.4017,0.00761247,0.91574,
610.486,0,360,0,610.486,202.5,0,0,1,0.908721,0.00306566,0.417392,0.00382387,0.99987,-0.0156689,-0.417386,0.0158347,0.908591,
678.449,0,360,0,678.449,202.5,0,0,1,0.359747,0.00865048,0.93301,-0.00479995,0.999961,-0.00742048,-0.933037,-0.00180891,0.359775,
593.801
2022-02-25-16-37-06:
641.998,0,360,0,641.998,202.5,0,0,1,0.676809,0.0557226,-0.734046,-0.0653512,0.997742,0.0154848,0.733252,0.0374906,0.678923,
624.178,0,360,0,624.178,202.5,0,0,1,0.995226,0.024305,-0.0945231,-0.0269455,0.999279,-0.0267597,0.0938045,0.0291789,0.995163,
650.412,0,360,0,650.412,202.5,0,0,1,0.755425,0.0787344,0.650488,-0.0478562,0.996733,-0.0650671,-0.653485,0.0180235,0.756725,
261.53,0,360,0,261.53,202.5,0,0,1,-0.978453,0.104479,0.178082,-0.10956,0.468334,-0.876733,-0.175002,-0.877353,-0.446796,
633.088
2022-02-25-16-37-31:
659.396,0,360,0,659.396,202.5,0,0,1,0.483962,-0.0493355,-0.873697,-0.00466314,0.99825,-0.0589517,0.875077,0.0326046,0.482885,
706.092,0,360,0,706.092,202.5,0,0,1,0.936595,-0.044002,-0.34764,0.02473,0.997911,-0.0596827,0.34954,0.0473014,0.935727,
738.954,0,360,0,738.954,202.5,0,0,1,0.934972,0.0530455,0.350733,-0.0318636,0.997318,-0.0658953,-0.353288,0.0504347,0.934154,
778.699,0,360,0,778.699,202.5,0,0,1,0.489649,0.0478874,0.870604,0.0181484,0.997715,-0.0650862,-0.871731,0.0476694,0.487661,
722.523
2022-02-25-16-37-53:
565.74,0,360,0,565.74,202.5,0,0,1,0.353819,0.0062451,-0.935293,-0.00181582,0.99998,0.0059901,0.935312,-0.000421086,0.353823,
608.364,0,360,0,608.364,202.5,0,0,1,0.923044,-0.000272623,-0.384694,-0.00299809,0.999964,-0.00790232,0.384683,0.00844754,0.92301,
648.662,0,360,0,648.662,202.5,0,0,1,0.913751,-0.000349981,0.406275,0.00638062,0.999889,-0.0134893,-0.406225,0.0149181,0.913651,
695.157,0,360,0,695.157,202.5,0,0,1,0.40628,0.00812189,0.913712,-0.00595767,0.999963,-0.0062395,-0.913729,-0.00290861,0.406314,
628.513
2022-02-25-16-51-12:
559.694,0,360,0,559.694,202.5,0,0,1,0.345445,-0.0121887,-0.93836,0.00953052,0.99991,-0.00947961,0.938391,-0.00566837,0.34553,
602.024,0,360,0,602.024,202.5,0,0,1,0.925601,-0.0017723,-0.378496,-0.0045138,0.999866,-0.0157202,0.378473,0.0162591,0.925469,
646.862,0,360,0,646.862,202.5,0,0,1,0.914021,0.0136223,0.405439,-0.00325456,0.99965,-0.02625,-0.405655,0.0226735,0.913745,
692.646,0,360,0,692.646,202.5,0,0,1,0.411284,0.0128452,0.911417,0.0093863,0.999788,-0.0183263,-0.911459,0.0160921,0.411076,
624.443
2022-02-25-15-46-43:
565.74,0,360,0,565.74,202.5,0,0,1,0.353819,0.0062451,-0.935293,-0.00181582,0.99998,0.0059901,0.935312,-0.000421086,0.353823,
608.364,0,360,0,608.364,202.5,0,0,1,0.923044,-0.000272623,-0.384694,-0.00299809,0.999964,-0.00790232,0.384683,0.00844754,0.92301,
648.662,0,360,0,648.662,202.5,0,0,1,0.913751,-0.000349981,0.406275,0.00638062,0.999889,-0.0134893,-0.406225,0.0149181,0.913651,
695.157,0,360,0,695.157,202.5,0,0,1,0.40628,0.00812189,0.913712,-0.00595767,0.999963,-0.0062395,-0.913729,-0.00290861,0.406314,
628.513
2022-02-25-17-27-43:
592.443,0,360,0,592.443,202.5,0,0,1,0.395433,-0.00638061,-0.918473,0.0132851,0.999911,-0.00122669,0.918399,-0.0117169,0.395483,
644.695,0,360,0,644.695,202.5,0,0,1,0.921376,0.0056407,-0.388632,-0.0127797,0.999794,-0.015787,0.388463,0.0195124,0.921258,
695.341,0,360,0,695.341,202.5,0,0,1,0.915208,0.00605951,0.402936,0.00428306,0.999684,-0.0247619,-0.402959,0.0243881,0.914893,
791.537,0,360,0,791.537,202.5,0,0,1,0.426913,-0.0150041,0.904168,0.00609407,0.999887,0.0137151,-0.904272,-0.000345089,0.426956,
670.018
2022-02-25-17-28-19:
550.436,0,360,0,550.436,202.5,0,0,1,0.245003,0.0106303,-0.969464,0.012751,0.999818,0.0141855,0.969438,-0.0158371,0.244823,
561.889,0,360,0,561.889,202.5,0,0,1,0.887742,0.0109357,-0.460211,-0.0128475,0.999917,-0.00102223,0.460162,0.00682002,0.887809,
571.963,0,360,0,571.963,202.5,0,0,1,0.891447,-0.00342607,0.453113,0.00868004,0.999917,-0.00951641,-0.453043,0.0124164,0.891402,
595.559,0,360,0,595.559,202.5,0,0,1,0.211022,-0.04237,0.976563,0.00257507,0.999081,0.0427906,-0.977478,-0.00651503,0.210937,
566.926
2022-02-25-17-30-03:
592.719,0,360,0,592.719,202.5,0,0,1,0.320502,0.00932424,-0.947202,0.00770508,0.999893,0.0124501,0.947216,-0.0112885,0.320396,
603.302,0,360,0,603.302,202.5,0,0,1,0.899593,0.0105218,-0.436603,-0.0140593,0.999889,-0.0048717,0.436503,0.0105209,0.899641,
613.935,0,360,0,613.935,202.5,0,0,1,0.90444,-0.0064187,0.426554,0.0126581,0.99985,-0.011794,-0.426414,0.0160663,0.904385,
632.624,0,360,0,632.624,202.5,0,0,1,0.287241,-0.0341203,0.95725,-0.00442244,0.999307,0.0369464,-0.957848,-0.0148459,0.286891,
608.619
2022-02-25-17-33-15:
586.937,0,360,0,586.937,202.5,0,0,1,0.297816,-0.000165367,-0.954623,0.0195816,0.999791,0.00593571,0.954422,-0.0204608,0.297757,
569.555,0,360,0,569.555,202.5,0,0,1,0.886239,0.00691131,-0.463177,-0.00803373,0.999968,-0.000450633,0.463159,0.00412041,0.886266,
576.959,0,360,0,576.959,202.5,0,0,1,0.898589,0.00735373,0.438729,-0.0021628,0.999922,-0.0123303,-0.438785,0.010131,0.898535,
586.156,0,360,0,586.156,202.5,0,0,1,0.198936,-0.0429393,0.979071,0.016244,0.999047,0.0405148,-0.979878,0.00784419,0.199444,
581.557
2022-02-25-17-33-38:
463.748,0,360,0,463.748,202.5,0,0,1,0.211835,0.0028723,-0.977301,0.0191349,0.999792,0.00708599,0.977118,-0.0202017,0.211736,
485.04,0,360,0,485.04,202.5,0,0,1,0.886513,0.0161266,-0.462423,-0.0211925,0.999759,-0.00576238,0.462219,0.0149083,0.886641,
487.884,0,360,0,487.884,202.5,0,0,1,0.832134,-0.00582424,0.554543,0.0185816,0.999676,-0.0173837,-0.554263,0.0247699,0.831973,
492.653,0,360,0,492.653,202.5,0,0,1,0.462213,0.053047,0.885181,-0.0015761,0.998257,-0.0590004,-0.886768,0.0258756,0.461491,
486.462
2022-02-25-17-34-13:
764.876,0,360,0,764.876,202.5,0,0,1,0.524322,0.00651431,-0.851495,0.0238865,0.999465,0.0223548,0.851185,-0.0320603,0.523886,
652.525,0,360,0,652.525,202.5,0,0,1,0.909689,0.0162549,-0.414971,-0.0194594,0.999805,-0.00349505,0.414833,0.0112545,0.909828,
659.902,0,360,0,659.902,202.5,0,0,1,0.920197,0.00571528,0.391413,-0.00225049,0.999954,-0.00931019,-0.391448,0.00768635,0.920168,
556.541,0,360,0,556.541,202.5,0,0,1,0.482967,0.0320057,0.875054,0.0150087,0.998882,-0.0448186,-0.87551,0.0347793,0.481946,
656.213
2022-02-25-17-35-03:
542.894,0,360,0,542.894,202.5,0,0,1,0.247218,-0.0245691,-0.968648,0.0379875,0.999156,-0.0156477,0.968215,-0.0329282,0.247942,
562.759,0,360,0,562.759,202.5,0,0,1,0.888585,0.0157935,-0.458439,-0.0311279,0.999179,-0.0259124,0.457654,0.0372956,0.888348,
572.356,0,360,0,572.356,202.5,0,0,1,0.892971,0.00296154,0.450104,0.0168276,0.999059,-0.039958,-0.449799,0.0432555,0.892082,
593.007,0,360,0,593.007,202.5,0,0,1,0.211703,-0.0261632,0.976984,0.0153143,0.999608,0.0234506,-0.977214,0.00999722,0.212021,
567.558
2022-02-25-17-35-17:
587.848,0,360,0,587.848,202.5,0,0,1,0.327844,-0.0281145,-0.944313,0.0361133,0.9992,-0.0172108,0.944041,-0.0284598,0.328597,
605.602,0,360,0,605.602,202.5,0,0,1,0.901365,0.0166642,-0.432739,-0.031802,0.999108,-0.0277669,0.431891,0.0387901,0.901091,
616.957,0,360,0,616.957,202.5,0,0,1,0.906087,0.00583241,0.423051,0.0134981,0.998998,-0.0426827,-0.422876,0.0443847,0.9051,
645.469,0,360,0,645.469,202.5,0,0,1,0.299266,-0.0179279,0.954001,0.0153551,0.999785,0.0139715,-0.954046,0.0104675,0.299477,
611.279
2022-02-25-17-35-35:
598.714,0,360,0,598.714,202.5,0,0,1,0.342135,-0.0407187,-0.938768,0.0263352,0.999084,-0.0337369,0.939282,-0.0131801,0.342894,
615.599,0,360,0,615.599,202.5,0,0,1,0.903399,-0.00213531,-0.428797,-0.0180686,0.99891,-0.0430418,0.428421,0.0466317,0.902375,
624.454,0,360,0,624.454,202.5,0,0,1,0.908654,0.0215299,0.416995,0.0022798,0.998399,-0.0565161,-0.417544,0.0523043,0.90715,
647.405,0,360,0,647.405,202.5,0,0,1,0.310508,-0.00111433,0.95057,0.0168803,0.999848,-0.00434193,-0.950421,0.0173941,0.31048,
620.027
2022-02-25-17-35-50:
589.99,0,360,0,589.99,202.5,0,0,1,0.332118,-0.036552,-0.942529,0.0413246,0.998853,-0.0241748,0.942332,-0.0309208,0.333248,
610.409,0,360,0,610.409,202.5,0,0,1,0.902025,0.0184716,-0.431289,-0.0367507,0.998743,-0.0340876,0.430117,0.046598,0.90157,
620.315,0,360,0,620.315,202.5,0,0,1,0.907423,0.00680745,0.420163,0.015654,0.998627,-0.0499876,-0.419926,0.0519371,0.906071,
637.969,0,360,0,637.969,202.5,0,0,1,0.300603,-0.013378,0.953655,0.0173668,0.999813,0.00855134,-0.953591,0.0139913,0.300779,
615.362
2022-02-25-17-36-29:
556.22,0,360,0,556.22,202.5,0,0,1,0.278616,-0.0267608,-0.96003,0.0372779,0.99916,-0.017033,0.959679,-0.0310423,0.279379,
577.216,0,360,0,577.216,202.5,0,0,1,0.895504,0.0152231,-0.444793,-0.0300766,0.9992,-0.0263556,0.444036,0.0369795,0.895246,
597.231,0,360,0,597.231,202.5,0,0,1,0.898374,0.00683939,0.439179,0.0134914,0.998977,-0.0431549,-0.439025,0.0446944,0.897363,
623.583,0,360,0,623.583,202.5,0,0,1,0.259161,-0.0191723,0.965644,0.017083,0.999738,0.0152645,-0.965683,0.0125401,0.25942,
587.223
2022-02-25-17-36-45:
557.498,0,360,0,557.498,202.5,0,0,1,0.278033,-0.0428065,-0.959617,0.0366628,0.998751,-0.0339297,0.959871,-0.0257487,0.279255,
580.677,0,360,0,580.677,202.5,0,0,1,0.894055,0.00203601,-0.447953,-0.0218682,0.998996,-0.0391054,0.447423,0.0447583,0.893202,
590.472,0,360,0,590.472,202.5,0,0,1,0.897597,0.0208188,0.440324,0.0034414,0.998523,-0.0542259,-0.440803,0.0501884,0.8962,
624.026,0,360,0,624.026,202.5,0,0,1,0.253733,-0.00743514,0.967246,0.0247067,0.999694,0.00120338,-0.966959,0.0235921,0.253839,
585.574
2022-02-25-17-37-06:
563.167,0,360,0,563.167,202.5,0,0,1,0.285318,-0.0479,-0.957235,0.0319234,0.998671,-0.0404583,0.957901,-0.0190147,0.286468,
583.502,0,360,0,583.502,202.5,0,0,1,0.894546,-0.00621484,-0.446933,-0.0163174,0.998783,-0.0465482,0.446678,0.0489323,0.893356,
593.422,0,360,0,593.422,202.5,0,0,1,0.898917,0.0275428,0.437253,-0.000840464,0.998129,-0.0611447,-0.438119,0.0545965,0.897258,
617.716,0,360,0,617.716,202.5,0,0,1,0.255097,-0.000679479,0.966915,0.0244765,0.999684,-0.00575501,-0.966606,0.0251348,0.255033,
588.462
2022-02-25-17-37-51:
577.856,0,360,0,577.856,202.5,0,0,1,0.311345,-0.0372783,-0.949565,0.0355892,0.998987,-0.0275494,0.94963,-0.0252169,0.312357,
598.649,0,360,0,598.649,202.5,0,0,1,0.898671,0.00698592,-0.438568,-0.0249272,0.999071,-0.0351643,0.437915,0.0425334,0.89801,
609.171,0,360,0,609.171,202.5,0,0,1,0.903298,0.016193,0.428707,0.00592041,0.998722,-0.0501979,-0.428972,0.0478818,0.902048,
631.38,0,360,0,631.38,202.5,0,0,1,0.281684,-0.0124015,0.959427,0.0212046,0.999753,0.00669722,-0.959273,0.0184578,0.281877,
603.91
2022-02-25-18-41-19:
585.246,0,360,0,585.246,202.5,0,0,1,0.337802,-0.0100273,-0.941164,0.0272567,0.999628,-0.000867207,0.940822,-0.02536,0.33795,
621.626,0,360,0,621.626,202.5,0,0,1,0.907693,0.0132551,-0.419426,-0.0247554,0.999452,-0.0219883,0.418904,0.0303417,0.907524,
633.006,0,360,0,633.006,202.5,0,0,1,0.909059,0.00535528,0.416634,0.0103852,0.999316,-0.0355044,-0.416539,0.0366024,0.908381,
669.984,0,360,0,669.984,202.5,0,0,1,0.3296,-0.0176727,0.943955,0.0115966,0.999825,0.0146695,-0.944049,0.00611157,0.329748,
627.316
2022-02-25-18-52-32:
562.571,0,360,0,562.571,202.5,0,0,1,0.304452,-0.0156527,-0.952399,0.0208428,0.999735,-0.00976792,0.9523,-0.0168768,0.304697,
599.284,0,360,0,599.284,202.5,0,0,1,0.899213,-0.000752458,-0.43751,-0.00877073,0.999767,-0.0197459,0.437423,0.0215931,0.898997,
604.816,0,360,0,604.816,202.5,0,0,1,0.902745,0.0171693,0.429832,-0.00399113,0.999494,-0.0315417,-0.430157,0.0267586,0.902358,
632.21,0,360,0,632.21,202.5,0,0,1,0.278614,-0.0250387,0.960077,0.0184633,0.999615,0.0207119,-0.960226,0.0119555,0.278969,
602.05
2022-02-25-18-54-17:
585.417,0,360,0,585.417,202.5,0,0,1,0.319041,0.0248269,-0.947416,0.0100921,0.999511,0.0295905,0.947687,-0.019002,0.318635,
597.138,0,360,0,597.138,202.5,0,0,1,0.900687,0.0188791,-0.434059,-0.015193,0.999813,0.0119604,0.434203,-0.0041779,0.900805,
613.114,0,360,0,613.114,202.5,0,0,1,0.904398,-0.0123659,0.426511,0.0123502,0.99992,0.00280271,-0.426511,0.00273273,0.904478,
645.966,0,360,0,645.966,202.5,0,0,1,0.293132,-0.0460288,0.954963,-0.00240593,0.998802,0.0488803,-0.956069,-0.016626,0.29267,
605.126
2022-02-25-18-54-45:
618.614,0,360,0,618.614,202.5,0,0,1,0.377662,0.00244951,-0.925941,0.00620102,0.999967,0.00517454,0.925923,-0.007696,0.377634,
639.494,0,360,0,639.494,202.5,0,0,1,0.908776,0.00720718,-0.417223,-0.0132301,0.999846,-0.0115456,0.417076,0.0160123,0.908731,
645.268,0,360,0,645.268,202.5,0,0,1,0.914001,-0.004644,0.405685,0.0125656,0.999779,-0.0168653,-0.405517,0.0205126,0.913857,
672.493,0,360,0,672.493,202.5,0,0,1,0.347188,-0.0243744,0.937479,-0.00519498,0.999597,0.0279134,-0.937781,-0.0145614,0.346922,
642.381
2022-02-25-19-01-23:
778.881,0,360,0,778.881,202.5,0,0,1,0.546411,-0.000729401,-0.837517,-0.00415404,0.999985,-0.00358111,0.837507,0.00543585,0.5464,
758.376,0,360,0,758.376,202.5,0,0,1,0.927193,0.000690106,-0.374583,-0.00809655,0.999802,-0.0181992,0.374496,0.019907,0.927015,
773.476,0,360,0,773.476,202.5,0,0,1,0.93946,-0.00995847,0.342513,0.0180817,0.999626,-0.0205315,-0.34218,0.0254818,0.939289,
802.936,0,360,0,802.936,202.5,0,0,1,0.49371,-0.00840789,0.869586,-0.0146042,0.999732,0.0179579,-0.869504,-0.0215656,0.493455,
776.178
2022-02-25-15-41-44:
492.936,0,320,0,492.936,180,0,0,1,0.333934,0.00376102,-0.942589,-0.00390736,0.999989,0.00260578,0.942588,0.00281288,0.333945,
531.666,0,320,0,531.666,180,0,0,1,0.920266,-0.00331873,-0.391279,-0.00138152,0.99993,-0.0117304,0.391291,0.0113356,0.920197,
563.184,0,320,0,563.184,180,0,0,1,0.91131,0.00169592,0.411716,0.00588441,0.999836,-0.0171433,-0.411678,0.0180456,0.911151,
605.804,0,320,0,605.804,180,0,0,1,0.386633,0.0122536,0.922152,-0.00720674,0.999921,-0.0102654,-0.922205,-0.00267676,0.386691,
547.425
2022-02-25-15-46-43:
565.74,0,360,0,565.74,202.5,0,0,1,0.353819,0.0062451,-0.935293,-0.00181582,0.99998,0.0059901,0.935312,-0.000421086,0.353823,
608.364,0,360,0,608.364,202.5,0,0,1,0.923044,-0.000272623,-0.384694,-0.00299809,0.999964,-0.00790232,0.384683,0.00844754,0.92301,
648.662,0,360,0,648.662,202.5,0,0,1,0.913751,-0.000349981,0.406275,0.00638062,0.999889,-0.0134893,-0.406225,0.0149181,0.913651,
695.157,0,360,0,695.157,202.5,0,0,1,0.40628,0.00812189,0.913712,-0.00595767,0.999963,-0.0062395,-0.913729,-0.00290861,0.406314,
628.513
2022-02-25-15-41-44:
492.936,0,320,0,492.936,180,0,0,1,0.333934,0.00376102,-0.942589,-0.00390736,0.999989,0.00260578,0.942588,0.00281288,0.333945,
531.666,0,320,0,531.666,180,0,0,1,0.920266,-0.00331873,-0.391279,-0.00138152,0.99993,-0.0117304,0.391291,0.0113356,0.920197,
563.184,0,320,0,563.184,180,0,0,1,0.91131,0.00169592,0.411716,0.00588441,0.999836,-0.0171433,-0.411678,0.0180456,0.911151,
605.804,0,320,0,605.804,180,0,0,1,0.386633,0.0122536,0.922152,-0.00720674,0.999921,-0.0102654,-0.922205,-0.00267676,0.386691,
547.425
2022-03-02-09-34-40:
400.87,0,320,0,400.87,180,0,0,1,0.140191,0.00478749,-0.990113,-0.0147092,0.999888,0.00275207,0.990015,0.014178,0.140245,
430.899,0,320,0,430.899,180,0,0,1,0.902329,-0.0146814,-0.430798,0.0053802,0.999726,-0.0228012,0.431015,0.0182564,0.90216,
494.698,0,320,0,494.698,180,0,0,1,0.888676,0.0162484,0.458249,0.000814521,0.999314,-0.0370127,-0.458536,0.0332656,0.888053,
551.352,0,320,0,551.352,180,0,0,1,0.268455,0.0348229,0.962662,-0.0130989,0.999386,-0.0324985,-0.963203,-0.00388542,0.268747,
462.799
2022-03-02-09-38-30:
400.87,0,320,0,400.87,180,0,0,1,0.140191,0.00478749,-0.990113,-0.0147092,0.999888,0.00275207,0.990015,0.014178,0.140245,
430.899,0,320,0,430.899,180,0,0,1,0.902329,-0.0146814,-0.430798,0.0053802,0.999726,-0.0228012,0.431015,0.0182564,0.90216,
494.698,0,320,0,494.698,180,0,0,1,0.888676,0.0162484,0.458249,0.000814521,0.999314,-0.0370127,-0.458536,0.0332656,0.888053,
551.352,0,320,0,551.352,180,0,0,1,0.268455,0.0348229,0.962662,-0.0130989,0.999386,-0.0324985,-0.963203,-0.00388542,0.268747,
462.799
2022-03-02-09-40-06:
400.87,0,320,0,400.87,180,0,0,1,0.140191,0.00478749,-0.990113,-0.0147092,0.999888,0.00275207,0.990015,0.014178,0.140245,
430.899,0,320,0,430.899,180,0,0,1,0.902329,-0.0146814,-0.430798,0.0053802,0.999726,-0.0228012,0.431015,0.0182564,0.90216,
494.698,0,320,0,494.698,180,0,0,1,0.888676,0.0162484,0.458249,0.000814521,0.999314,-0.0370127,-0.458536,0.0332656,0.888053,
551.352,0,320,0,551.352,180,0,0,1,0.268455,0.0348229,0.962662,-0.0130989,0.999386,-0.0324985,-0.963203,-0.00388542,0.268747,
462.799
2022-03-02-09-42-04:
400.87,0,320,0,400.87,180,0,0,1,0.140191,0.00478749,-0.990113,-0.0147092,0.999888,0.00275207,0.990015,0.014178,0.140245,
430.899,0,320,0,430.899,180,0,0,1,0.902329,-0.0146814,-0.430798,0.0053802,0.999726,-0.0228012,0.431015,0.0182564,0.90216,
494.698,0,320,0,494.698,180,0,0,1,0.888676,0.0162484,0.458249,0.000814521,0.999314,-0.0370127,-0.458536,0.0332656,0.888053,
551.352,0,320,0,551.352,180,0,0,1,0.268455,0.0348229,0.962662,-0.0130989,0.999386,-0.0324985,-0.963203,-0.00388542,0.268747,
462.799
2022-03-02-09-43-43:
400.87,0,320,0,400.87,180,0,0,1,0.140191,0.00478749,-0.990113,-0.0147092,0.999888,0.00275207,0.990015,0.014178,0.140245,
430.899,0,320,0,430.899,180,0,0,1,0.902329,-0.0146814,-0.430798,0.0053802,0.999726,-0.0228012,0.431015,0.0182564,0.90216,
494.698,0,320,0,494.698,180,0,0,1,0.888676,0.0162484,0.458249,0.000814521,0.999314,-0.0370127,-0.458536,0.0332656,0.888053,
551.352,0,320,0,551.352,180,0,0,1,0.268455,0.0348229,0.962662,-0.0130989,0.999386,-0.0324985,-0.963203,-0.00388542,0.268747,
462.799
2022-03-02-11-26-24:
492.936,0,320,0,492.936,180,0,0,1,0.333934,0.00376102,-0.942589,-0.00390736,0.999989,0.00260578,0.942588,0.00281288,0.333945,
531.666,0,320,0,531.666,180,0,0,1,0.920266,-0.00331873,-0.391279,-0.00138152,0.99993,-0.0117304,0.391291,0.0113356,0.920197,
563.184,0,320,0,563.184,180,0,0,1,0.91131,0.00169592,0.411716,0.00588441,0.999836,-0.0171433,-0.411678,0.0180456,0.911151,
605.804,0,320,0,605.804,180,0,0,1,0.386633,0.0122536,0.922152,-0.00720674,0.999921,-0.0102654,-0.922205,-0.00267676,0.386691,
547.425
2022-03-02-11-29-28:
492.936,0,320,0,492.936,180,0,0,1,0.333934,0.00376102,-0.942589,-0.00390736,0.999989,0.00260578,0.942588,0.00281288,0.333945,
531.666,0,320,0,531.666,180,0,0,1,0.920266,-0.00331873,-0.391279,-0.00138152,0.99993,-0.0117304,0.391291,0.0113356,0.920197,
563.184,0,320,0,563.184,180,0,0,1,0.91131,0.00169592,0.411716,0.00588441,0.999836,-0.0171433,-0.411678,0.0180456,0.911151,
605.804,0,320,0,605.804,180,0,0,1,0.386633,0.0122536,0.922152,-0.00720674,0.999921,-0.0102654,-0.922205,-0.00267676,0.386691,
547.425
2022-03-03-15-26-43:
492.936,0,320,0,492.936,180,0,0,1,0.333934,0.00376102,-0.942589,-0.00390736,0.999989,0.00260578,0.942588,0.00281288,0.333945,
531.666,0,320,0,531.666,180,0,0,1,0.920266,-0.00331873,-0.391279,-0.00138152,0.99993,-0.0117304,0.391291,0.0113356,0.920197,
563.184,0,320,0,563.184,180,0,0,1,0.91131,0.00169592,0.411716,0.00588441,0.999836,-0.0171433,-0.411678,0.0180456,0.911151,
605.804,0,320,0,605.804,180,0,0,1,0.386633,0.0122536,0.922152,-0.00720674,0.999921,-0.0102654,-0.922205,-0.00267676,0.386691,
547.425
2022-03-03-15-28-27:
492.936,0,320,0,492.936,180,0,0,1,0.333934,0.00376102,-0.942589,-0.00390736,0.999989,0.00260578,0.942588,0.00281288,0.333945,
531.666,0,320,0,531.666,180,0,0,1,0.920266,-0.00331873,-0.391279,-0.00138152,0.99993,-0.0117304,0.391291,0.0113356,0.920197,
563.184,0,320,0,563.184,180,0,0,1,0.91131,0.00169592,0.411716,0.00588441,0.999836,-0.0171433,-0.411678,0.0180456,0.911151,
605.804,0,320,0,605.804,180,0,0,1,0.386633,0.0122536,0.922152,-0.00720674,0.999921,-0.0102654,-0.922205,-0.00267676,0.386691,
547.425
2022-03-03-15-40-11:
492.936,0,320,0,492.936,180,0,0,1,0.333934,0.00376102,-0.942589,-0.00390736,0.999989,0.00260578,0.942588,0.00281288,0.333945,
531.666,0,320,0,531.666,180,0,0,1,0.920266,-0.00331873,-0.391279,-0.00138152,0.99993,-0.0117304,0.391291,0.0113356,0.920197,
563.184,0,320,0,563.184,180,0,0,1,0.91131,0.00169592,0.411716,0.00588441,0.999836,-0.0171433,-0.411678,0.0180456,0.911151,
605.804,0,320,0,605.804,180,0,0,1,0.386633,0.0122536,0.922152,-0.00720674,0.999921,-0.0102654,-0.922205,-0.00267676,0.386691,
547.425
2022-03-03-15-43-02:
492.936,0,320,0,492.936,180,0,0,1,0.333934,0.00376102,-0.942589,-0.00390736,0.999989,0.00260578,0.942588,0.00281288,0.333945,
531.666,0,320,0,531.666,180,0,0,1,0.920266,-0.00331873,-0.391279,-0.00138152,0.99993,-0.0117304,0.391291,0.0113356,0.920197,
563.184,0,320,0,563.184,180,0,0,1,0.91131,0.00169592,0.411716,0.00588441,0.999836,-0.0171433,-0.411678,0.0180456,0.911151,
605.804,0,320,0,605.804,180,0,0,1,0.386633,0.0122536,0.922152,-0.00720674,0.999921,-0.0102654,-0.922205,-0.00267676,0.386691,
547.425
2022-03-03-15-44-24:
492.936,0,320,0,492.936,180,0,0,1,0.333934,0.00376102,-0.942589,-0.00390736,0.999989,0.00260578,0.942588,0.00281288,0.333945,
531.666,0,320,0,531.666,180,0,0,1,0.920266,-0.00331873,-0.391279,-0.00138152,0.99993,-0.0117304,0.391291,0.0113356,0.920197,
563.184,0,320,0,563.184,180,0,0,1,0.91131,0.00169592,0.411716,0.00588441,0.999836,-0.0171433,-0.411678,0.0180456,0.911151,
605.804,0,320,0,605.804,180,0,0,1,0.386633,0.0122536,0.922152,-0.00720674,0.999921,-0.0102654,-0.922205,-0.00267676,0.386691,
547.425
2022-03-03-15-46-23:
492.936,0,320,0,492.936,180,0,0,1,0.333934,0.00376102,-0.942589,-0.00390736,0.999989,0.00260578,0.942588,0.00281288,0.333945,
531.666,0,320,0,531.666,180,0,0,1,0.920266,-0.00331873,-0.391279,-0.00138152,0.99993,-0.0117304,0.391291,0.0113356,0.920197,
563.184,0,320,0,563.184,180,0,0,1,0.91131,0.00169592,0.411716,0.00588441,0.999836,-0.0171433,-0.411678,0.0180456,0.911151,
605.804,0,320,0,605.804,180,0,0,1,0.386633,0.0122536,0.922152,-0.00720674,0.999921,-0.0102654,-0.922205,-0.00267676,0.386691,
547.425
2022-03-03-15-49-36:
400.87,0,320,0,400.87,180,0,0,1,0.140191,0.00478749,-0.990113,-0.0147092,0.999888,0.00275207,0.990015,0.014178,0.140245,
430.899,0,320,0,430.899,180,0,0,1,0.902329,-0.0146814,-0.430798,0.0053802,0.999726,-0.0228012,0.431015,0.0182564,0.90216,
494.698,0,320,0,494.698,180,0,0,1,0.888676,0.0162484,0.458249,0.000814521,0.999314,-0.0370127,-0.458536,0.0332656,0.888053,
551.352,0,320,0,551.352,180,0,0,1,0.268455,0.0348229,0.962662,-0.0130989,0.999386,-0.0324985,-0.963203,-0.00388542,0.268747,
462.799
2022-03-03-15-50-43:
400.87,0,320,0,400.87,180,0,0,1,0.140191,0.00478749,-0.990113,-0.0147092,0.999888,0.00275207,0.990015,0.014178,0.140245,
430.899,0,320,0,430.899,180,0,0,1,0.902329,-0.0146814,-0.430798,0.0053802,0.999726,-0.0228012,0.431015,0.0182564,0.90216,
494.698,0,320,0,494.698,180,0,0,1,0.888676,0.0162484,0.458249,0.000814521,0.999314,-0.0370127,-0.458536,0.0332656,0.888053,
551.352,0,320,0,551.352,180,0,0,1,0.268455,0.0348229,0.962662,-0.0130989,0.999386,-0.0324985,-0.963203,-0.00388542,0.268747,
462.799
2022-03-03-15-52-54:
400.87,0,320,0,400.87,180,0,0,1,0.140191,0.00478749,-0.990113,-0.0147092,0.999888,0.00275207,0.990015,0.014178,0.140245,
430.899,0,320,0,430.899,180,0,0,1,0.902329,-0.0146814,-0.430798,0.0053802,0.999726,-0.0228012,0.431015,0.0182564,0.90216,
494.698,0,320,0,494.698,180,0,0,1,0.888676,0.0162484,0.458249,0.000814521,0.999314,-0.0370127,-0.458536,0.0332656,0.888053,
551.352,0,320,0,551.352,180,0,0,1,0.268455,0.0348229,0.962662,-0.0130989,0.999386,-0.0324985,-0.963203,-0.00388542,0.268747,
462.799
2022-03-03-15-54-39:
492.936,0,320,0,492.936,180,0,0,1,0.333934,0.00376102,-0.942589,-0.00390736,0.999989,0.00260578,0.942588,0.00281288,0.333945,
531.666,0,320,0,531.666,180,0,0,1,0.920266,-0.00331873,-0.391279,-0.00138152,0.99993,-0.0117304,0.391291,0.0113356,0.920197,
563.184,0,320,0,563.184,180,0,0,1,0.91131,0.00169592,0.411716,0.00588441,0.999836,-0.0171433,-0.411678,0.0180456,0.911151,
605.804,0,320,0,605.804,180,0,0,1,0.386633,0.0122536,0.922152,-0.00720674,0.999921,-0.0102654,-0.922205,-0.00267676,0.386691,
547.425
2022-03-03-15-55-11:
492.936,0,320,0,492.936,180,0,0,1,0.333934,0.00376102,-0.942589,-0.00390736,0.999989,0.00260578,0.942588,0.00281288,0.333945,
531.666,0,320,0,531.666,180,0,0,1,0.920266,-0.00331873,-0.391279,-0.00138152,0.99993,-0.0117304,0.391291,0.0113356,0.920197,
563.184,0,320,0,563.184,180,0,0,1,0.91131,0.00169592,0.411716,0.00588441,0.999836,-0.0171433,-0.411678,0.0180456,0.911151,
605.804,0,320,0,605.804,180,0,0,1,0.386633,0.0122536,0.922152,-0.00720674,0.999921,-0.0102654,-0.922205,-0.00267676,0.386691,
547.425
2022-03-03-15-55-24:
400.87,0,320,0,400.87,180,0,0,1,0.140191,0.00478749,-0.990113,-0.0147092,0.999888,0.00275207,0.990015,0.014178,0.140245,
430.899,0,320,0,430.899,180,0,0,1,0.902329,-0.0146814,-0.430798,0.0053802,0.999726,-0.0228012,0.431015,0.0182564,0.90216,
494.698,0,320,0,494.698,180,0,0,1,0.888676,0.0162484,0.458249,0.000814521,0.999314,-0.0370127,-0.458536,0.0332656,0.888053,
551.352,0,320,0,551.352,180,0,0,1,0.268455,0.0348229,0.962662,-0.0130989,0.999386,-0.0324985,-0.963203,-0.00388542,0.268747,
462.799
2022-03-03-15-56-46:
492.936,0,320,0,492.936,180,0,0,1,0.333934,0.00376102,-0.942589,-0.00390736,0.999989,0.00260578,0.942588,0.00281288,0.333945,
531.666,0,320,0,531.666,180,0,0,1,0.920266,-0.00331873,-0.391279,-0.00138152,0.99993,-0.0117304,0.391291,0.0113356,0.920197,
563.184,0,320,0,563.184,180,0,0,1,0.91131,0.00169592,0.411716,0.00588441,0.999836,-0.0171433,-0.411678,0.0180456,0.911151,
605.804,0,320,0,605.804,180,0,0,1,0.386633,0.0122536,0.922152,-0.00720674,0.999921,-0.0102654,-0.922205,-0.00267676,0.386691,
547.425
2022-03-03-16-00-45:
492.936,0,320,0,492.936,180,0,0,1,0.333934,0.00376102,-0.942589,-0.00390736,0.999989,0.00260578,0.942588,0.00281288,0.333945,
531.666,0,320,0,531.666,180,0,0,1,0.920266,-0.00331873,-0.391279,-0.00138152,0.99993,-0.0117304,0.391291,0.0113356,0.920197,
563.184,0,320,0,563.184,180,0,0,1,0.91131,0.00169592,0.411716,0.00588441,0.999836,-0.0171433,-0.411678,0.0180456,0.911151,
605.804,0,320,0,605.804,180,0,0,1,0.386633,0.0122536,0.922152,-0.00720674,0.999921,-0.0102654,-0.922205,-0.00267676,0.386691,
547.425
2022-03-03-16-02-37:
492.936,0,320,0,492.936,180,0,0,1,0.333934,0.00376102,-0.942589,-0.00390736,0.999989,0.00260578,0.942588,0.00281288,0.333945,
531.666,0,320,0,531.666,180,0,0,1,0.920266,-0.00331873,-0.391279,-0.00138152,0.99993,-0.0117304,0.391291,0.0113356,0.920197,
563.184,0,320,0,563.184,180,0,0,1,0.91131,0.00169592,0.411716,0.00588441,0.999836,-0.0171433,-0.411678,0.0180456,0.911151,
605.804,0,320,0,605.804,180,0,0,1,0.386633,0.0122536,0.922152,-0.00720674,0.999921,-0.0102654,-0.922205,-0.00267676,0.386691,
547.425
2022-03-03-16-03-10:
492.936,0,320,0,492.936,180,0,0,1,0.333934,0.00376102,-0.942589,-0.00390736,0.999989,0.00260578,0.942588,0.00281288,0.333945,
531.666,0,320,0,531.666,180,0,0,1,0.920266,-0.00331873,-0.391279,-0.00138152,0.99993,-0.0117304,0.391291,0.0113356,0.920197,
563.184,0,320,0,563.184,180,0,0,1,0.91131,0.00169592,0.411716,0.00588441,0.999836,-0.0171433,-0.411678,0.0180456,0.911151,
605.804,0,320,0,605.804,180,0,0,1,0.386633,0.0122536,0.922152,-0.00720674,0.999921,-0.0102654,-0.922205,-0.00267676,0.386691,
547.425
2022-03-03-16-03-40:
492.936,0,320,0,492.936,180,0,0,1,0.333934,0.00376102,-0.942589,-0.00390736,0.999989,0.00260578,0.942588,0.00281288,0.333945,
531.666,0,320,0,531.666,180,0,0,1,0.920266,-0.00331873,-0.391279,-0.00138152,0.99993,-0.0117304,0.391291,0.0113356,0.920197,
563.184,0,320,0,563.184,180,0,0,1,0.91131,0.00169592,0.411716,0.00588441,0.999836,-0.0171433,-0.411678,0.0180456,0.911151,
