2022-08-16-09-28-14:
54.3667,0,480,0,54.3667,270,0,0,1,0.809937,0.545521,0.215428,0,0.3673,-0.930102,-0.586517,0.753324,0.29749,
54.3667,0,480,0,54.3667,270,0,0,1,-0.37853,0.90017,-0.215428,1.76288e-09,-0.232747,-0.972537,-0.925589,-0.368135,0.0881017,
54.3667
2022-08-16-09-42-38:
399.739,0,480,0,399.739,270,0,0,1,0.758857,-0.030097,-0.650561,-5.75642e-10,0.998932,-0.0462137,0.651257,0.0350696,0.758047,
400.4,0,480,0,400.4,270,0,0,1,0.758634,0.0352804,0.650561,-9.26903e-08,0.998533,-0.054151,-0.651517,0.0410807,0.757521,
400.07
2022-08-16-10-25-28:
1500,0,480,0,1500,270,0,0,1,0.491821,0.0701788,-0.867863,0,0.996746,0.0806008,0.870696,-0.0396412,0.490221,
1500,0,480,0,1500,270,0,0,1,0.48297,0.116415,0.867863,-4.73005e-08,0.991123,-0.132949,-0.875637,0.0642106,0.478683,
1500
2022-08-16-10-31-13:
1500,0,480,0,1500,270,0,0,1,0.49707,-0.187404,-0.847232,0,0.976399,-0.215975,0.867711,0.107355,0.485339,
1500,0,480,0,1500,270,0,0,1,0.526296,-0.0721894,0.847232,-1.95103e-07,0.99639,0.0848987,-0.850302,-0.044682,0.524396,
1500
2022-08-16-10-31-33:
1500,0,480,0,1500,270,0,0,1,0.543152,-0.101998,-0.833416,0,0.992594,-0.121479,0.839634,0.0659814,0.539129,
1500,0,480,0,1500,270,0,0,1,0.55214,-0.0236491,0.833416,4.54205e-08,0.999598,0.0283647,-0.833752,-0.0156612,0.551917,
1500
2022-08-16-13-58-16:
505.05,0,480,0,505.05,270,0,0,1,-0.266909,0.836056,-0.479344,0,-0.497388,-0.867528,-0.963722,-0.231551,0.132757,
505.05,0,480,0,505.05,270,0,0,1,0.658869,-0.57976,0.479344,5.40089e-08,0.637206,0.770693,-0.752258,-0.507786,0.419835,
505.05
2022-08-18-11-49-35:
361.41,0,480,0,361.41,270,0,0,1,0.727691,-0.00386327,-0.685894,7.12945e-12,0.999984,-0.00563237,0.685905,0.00409862,0.727679,
369.65,0,480,0,369.65,270,0,0,1,0.727661,-0.00760274,0.685894,7.95872e-08,0.999938,0.0110837,-0.685936,-0.0080651,0.727617,
365.53
2022-08-18-13-54-02:
381.422,0,480,0,381.422,270,0,0,1,0.741387,-0.0072209,-0.671038,2.35189e-11,0.999942,-0.0107602,0.671077,0.00797745,0.741345,
382.475,0,480,0,382.475,270,0,0,1,0.741399,-0.00594801,0.671038,1.32422e-07,0.999961,0.0088634,-0.671065,-0.00657122,0.74137,
381.948
2022-08-18-13-56-22:
506.997,0,480,0,506.997,270,0,0,1,0.840386,0.0154345,-0.541769,8.28463e-10,0.999594,0.0284776,0.541988,-0.0239322,0.840045,
528.538,0,480,0,528.538,270,0,0,1,0.840453,-0.0112144,0.541769,-1.13672e-07,0.999786,0.0206953,-0.541885,-0.0173935,0.840273,
517.768
2022-08-18-13-56-37:
506.997,0,480,0,506.997,270,0,0,1,0.840386,0.0154345,-0.541769,8.28463e-10,0.999594,0.0284776,0.541988,-0.0239322,0.840045,
528.538,0,480,0,528.538,270,0,0,1,0.840453,-0.0112144,0.541769,-1.13672e-07,0.999786,0.0206953,-0.541885,-0.0173935,0.840273,
517.768
2022-08-18-13-57-15:
389.315,0,480,0,389.315,270,0,0,1,0.75003,-0.00466986,-0.661387,2.37316e-10,0.999975,-0.00706053,0.661403,0.00529561,0.750012,
392.742,0,480,0,392.742,270,0,0,1,0.75003,-0.00465461,0.661387,-6.65315e-08,0.999975,0.00703755,-0.661403,-0.00527842,0.750012,
391.028
2022-08-18-13-59-08:
308.421,0,480,0,308.421,270,0,0,1,0.661934,-0.00900046,-0.749508,2.15173e-09,0.999928,-0.0120076,0.749562,0.00794824,0.661886,
299.843,0,480,0,299.843,270,0,0,1,0.661982,-0.0040781,0.749508,-1.04622e-08,0.999985,0.00544096,-0.749519,-0.00360184,0.661973,
304.132
2022-08-18-14-00-04:
347.378,0,480,0,347.378,270,0,0,1,0.711682,-0.00280421,-0.702497,-2.16013e-11,0.999992,-0.00399175,0.702502,0.00284086,0.711676,
352.725,0,480,0,352.725,270,0,0,1,0.711606,-0.0107487,0.702497,2.0173e-08,0.999883,0.0152989,-0.702579,-0.0108867,0.711523,
350.052
2022-08-18-14-00-35:
354.982,0,480,0,354.982,270,0,0,1,0.719423,-0.011399,-0.694478,5.97358e-10,0.999865,-0.0164116,0.694572,0.0118069,0.719327,
361.249,0,480,0,361.249,270,0,0,1,0.719507,-0.00307168,0.694478,4.85144e-08,0.99999,0.00442291,-0.694485,-0.00318229,0.7195,
358.116
2022-08-18-14-01-05:
331.26,0,480,0,331.26,270,0,0,1,0.692966,0.000660153,-0.72097,7.73275e-10,1,0.000915646,0.72097,-0.000634512,0.692966,
331.9,0,480,0,331.9,270,0,0,1,0.692837,-0.0133714,0.72097,1.25812e-07,0.999828,0.0185431,-0.721094,-0.0128473,0.692718,
331.58
