2021-12-20-18-03-24:
750,0,240,0,750,135,0,0,1,
-0.861791,0.498354,0.0946488,-0.478073,-0.860319,0.176911,0.169593,0.107212,0.979665,
0.809122,-0.249195,-0.532188,-0.211339,0.721643,-0.659218,0.548323,0.645859,0.531232,
0.863971,-0.190463,-0.46613,-0.207346,0.709015,-0.674022,0.458869,0.678986,0.573077,
0.196663,0.380402,0.903669,-0.314548,0.89743,-0.309321,-0.928646,-0.223416,0.296146,
4807.69
2021-12-21-09-44-43:
750,0,240,0,750,135,0,0,1,
-0.15317,-0.945991,-0.285727,-0.23286,0.315548,-0.919894,0.960372,-0.0743662,-0.268616,
-0.0232945,-0.971511,-0.235848,0.209533,0.225928,-0.951343,0.977524,-0.071579,0.198301,
0.948235,0.218812,0.230156,0.0139441,0.695356,-0.71853,-0.317264,0.684545,0.656309,
0.883238,0.367377,0.291418,-0.0498266,0.691469,-0.720686,-0.46627,0.622017,0.629037,
6405.98
2021-12-21-09-58-32:
-4787.51,0,240,0,-4787.51,135,0,0,1,
0.436871,0.869286,-0.231271,-0.074326,0.291109,0.953798,0.896448,-0.399497,0.191788,
0.394134,0.879371,-0.26714,0.000358543,0.290522,0.956868,0.919053,-0.37723,0.114189,
0.367839,0.879953,-0.300629,0.0774736,0.29317,0.952916,0.926657,-0.37381,0.0396663,
0.572209,-0.184693,0.79904,0.00669639,0.975331,0.220646,-0.820081,-0.120905,0.55933,
-4677.1
2021-12-21-09-59-59:
4720.46,0,240,0,4720.46,135,0,0,1,
0.991516,0.00288112,-0.129955,-0.0182224,0.992963,-0.117017,0.128703,0.118392,0.984591,
0.998935,-0.0162406,-0.0431952,0.0110869,0.993072,-0.11698,0.0447957,0.116377,0.992195,
0.998921,-0.0235949,0.0399995,0.0279753,0.99323,-0.11275,-0.0370684,0.113748,0.992818,
0.990427,0.0363927,0.13315,-0.021155,0.993243,-0.114113,-0.136404,0.110204,0.984505,
4547.12
2021-12-22-11-07-35:
381.813,0,240,0,381.813,135,0,0,1,
0.300752,-0.061827,-0.951696,0.05615,0.997313,-0.0470461,0.952048,-0.0392886,0.303416,
0.920505,0.0220941,-0.390107,-0.0494037,0.996968,-0.0601096,0.387596,0.0746038,0.918805,
0.91064,0.0103436,0.41307,0.0200179,0.997408,-0.0691067,-0.412715,0.0712002,0.908073,
0.369428,0.0312875,0.928732,0.0280429,0.998602,-0.0447961,-0.928836,0.0425933,0.368034,
432.268
2021-12-22-11-08-49:
415.477,0,240,0,415.477,135,0,0,1,
0.385942,-0.0730366,-0.919627,0.0415213,0.997226,-0.0617741,0.921588,-0.0143429,0.387904,
0.932356,0.0162206,-0.361177,-0.0487787,0.995503,-0.0812107,0.358236,0.093335,0.928954,
0.921795,0.00915701,0.387569,0.0261819,0.995968,-0.0858026,-0.386792,0.0892397,0.917839,
0.446361,0.0537848,0.893235,0.0119183,0.997746,-0.0660336,-0.894774,0.0401207,0.444714,
470.046
2021-12-22-11-11-56:
360.723,0,240,0,360.723,135,0,0,1,
0.275716,-0.00815331,-0.961204,-0.0198867,0.999701,-0.0141842,0.961033,0.023026,0.275472,
0.909955,-0.0138181,-0.414477,-0.00683872,0.998809,-0.0483129,0.41465,0.0467971,0.908777,
0.903607,-0.00849819,0.428277,0.0250652,0.999139,-0.0330585,-0.427628,0.0406068,0.903042,
0.317461,0.0405522,0.947404,-0.0344708,0.998918,-0.0312066,-0.947645,-0.0227509,0.318515,
411.786
2021-12-22-11-14-36:
435.718,0,240,0,435.718,135,0,0,1,
0.819901,0.57211,0.0212927,0.342319,-0.519716,0.78276,0.45889,-0.634496,-0.62196,
0.595325,0.585149,0.550626,-0.26304,-0.5056,0.821693,0.759209,-0.634011,-0.147078,
0.724516,0.170931,-0.667727,0.0488432,0.953594,0.297108,0.687525,-0.247873,0.682546,
0.985235,0.141889,0.0958078,-0.161851,0.954359,0.251004,-0.0558204,-0.262805,0.963233,
377.078
2021-12-22-11-14-50:
384.417,0,240,0,384.417,135,0,0,1,
0.341893,0.0204251,-0.939517,0.0102515,0.999623,0.0254624,0.939683,-0.0183369,0.341554,
0.918184,0.0146494,-0.395884,-0.0140722,0.999892,0.00436243,0.395905,0.00156542,0.91829,
0.910081,-0.0131331,0.414223,0.0104751,0.999908,0.00868774,-0.414299,-0.00356751,0.910134,
0.388818,-0.0158252,0.921178,-0.000301643,0.99985,0.0173041,-0.921315,-0.00700601,0.388755,
434.131
