1
2022-02-25-15-41-43:
487.808,0,320,0,487.808,180,0,0,1,0.358901,-0.00255477,-0.933372,-0.00515675,0.999976,-0.00471995,0.933361,0.00650716,0.358879,
533.62,0,320,0,533.62,180,0,0,1,0.927762,-0.00397522,-0.373152,0.0130791,0.999675,0.0218688,0.372944,-0.0251695,0.927512,
566.215,0,320,0,566.215,180,0,0,1,0.920505,0.0103068,0.390594,-0.0137577,0.999887,0.00603792,-0.390488,-0.0109316,0.920543,
595.578,0,320,0,595.578,180,0,0,1,0.401075,0.014492,0.915931,0.00593535,0.999813,-0.0184182,-0.916026,0.0128234,0.400914,
549.917

2
2022-02-25-15-41-44:
492.936,0,320,0,492.936,180,0,0,1,0.333934,0.00376102,-0.942589,-0.00390736,0.999989,0.00260578,0.942588,0.00281288,0.333945,
531.666,0,320,0,531.666,180,0,0,1,0.920266,-0.00331873,-0.391279,-0.00138152,0.99993,-0.0117304,0.391291,0.0113356,0.920197,
563.184,0,320,0,563.184,180,0,0,1,0.91131,0.00169592,0.411716,0.00588441,0.999836,-0.0171433,-0.411678,0.0180456,0.911151,
605.804,0,320,0,605.804,180,0,0,1,0.386633,0.0122536,0.922152,-0.00720674,0.999921,-0.0102654,-0.922205,-0.00267676,0.386691,
547.425


720

1
2022-02-25-15-46-42:
589.404,0,360,0,589.404,202.5,0,0,1,0.423367,0.00069412,-0.905958,-0.000935372,1,0.000329061,0.905958,0.000708091,0.423367,
638.495,0,360,0,638.495,202.5,0,0,1,0.936337,0.00223852,-0.351094,0.00750839,0.999623,0.0263977,0.351021,-0.0273533,0.935968,
683.659,0,360,0,683.659,202.5,0,0,1,0.928677,0.00545671,0.370848,-0.0102999,0.999885,0.0110806,-0.370746,-0.0141101,0.928627,
723.058,0,360,0,723.058,202.5,0,0,1,0.463259,0.00584314,0.886204,0.00632678,0.999931,-0.00990029,-0.8862,0.0101932,0.46319,
661.077

2
2022-02-25-15-46-43:
565.74,0,360,0,565.74,202.5,0,0,1,0.353819,0.0062451,-0.935293,-0.00181582,0.99998,0.0059901,0.935312,-0.000421086,0.353823,
608.364,0,360,0,608.364,202.5,0,0,1,0.923044,-0.000272623,-0.384694,-0.00299809,0.999964,-0.00790232,0.384683,0.00844754,0.92301,
648.662,0,360,0,648.662,202.5,0,0,1,0.913751,-0.000349981,0.406275,0.00638062,0.999889,-0.0134893,-0.406225,0.0149181,0.913651,
695.157,0,360,0,695.157,202.5,0,0,1,0.40628,0.00812189,0.913712,-0.00595767,0.999963,-0.0062395,-0.913729,-0.00290861,0.406314,
628.513
