207 imx390
1
2022-02-25-15-41-43:
487.808,0,320,0,487.808,180,0,0,1,0.358901,-0.00255477,-0.933372,-0.00515675,0.999976,-0.00471995,0.933361,0.00650716,0.358879,
533.62,0,320,0,533.62,180,0,0,1,0.927762,-0.00397522,-0.373152,0.0130791,0.999675,0.0218688,0.372944,-0.0251695,0.927512,
566.215,0,320,0,566.215,180,0,0,1,0.920505,0.0103068,0.390594,-0.0137577,0.999887,0.00603792,-0.390488,-0.0109316,0.920543,
595.578,0,320,0,595.578,180,0,0,1,0.401075,0.014492,0.915931,0.00593535,0.999813,-0.0184182,-0.916026,0.0128234,0.400914,
549.917

2
2022-02-25-15-41-44:
492.936,0,320,0,492.936,180,0,0,1,0.333934,0.00376102,-0.942589,-0.00390736,0.999989,0.00260578,0.942588,0.00281288,0.333945,
531.666,0,320,0,531.666,180,0,0,1,0.920266,-0.00331873,-0.391279,-0.00138152,0.99993,-0.0117304,0.391291,0.0113356,0.920197,
563.184,0,320,0,563.184,180,0,0,1,0.91131,0.00169592,0.411716,0.00588441,0.999836,-0.0171433,-0.411678,0.0180456,0.911151,
605.804,0,320,0,605.804,180,0,0,1,0.386633,0.0122536,0.922152,-0.00720674,0.999921,-0.0102654,-0.922205,-0.00267676,0.386691,
547.425


720

1
2022-02-25-15-46-42:
589.404,0,360,0,589.404,202.5,0,0,1,0.423367,0.00069412,-0.905958,-0.000935372,1,0.000329061,0.905958,0.000708091,0.423367,
638.495,0,360,0,638.495,202.5,0,0,1,0.936337,0.00223852,-0.351094,0.00750839,0.999623,0.0263977,0.351021,-0.0273533,0.935968,
683.659,0,360,0,683.659,202.5,0,0,1,0.928677,0.00545671,0.370848,-0.0102999,0.999885,0.0110806,-0.370746,-0.0141101,0.928627,
723.058,0,360,0,723.058,202.5,0,0,1,0.463259,0.00584314,0.886204,0.00632678,0.999931,-0.00990029,-0.8862,0.0101932,0.46319,
661.077

2
2022-02-25-15-46-43:
565.74,0,360,0,565.74,202.5,0,0,1,0.353819,0.0062451,-0.935293,-0.00181582,0.99998,0.0059901,0.935312,-0.000421086,0.353823,
608.364,0,360,0,608.364,202.5,0,0,1,0.923044,-0.000272623,-0.384694,-0.00299809,0.999964,-0.00790232,0.384683,0.00844754,0.92301,
648.662,0,360,0,648.662,202.5,0,0,1,0.913751,-0.000349981,0.406275,0.00638062,0.999889,-0.0134893,-0.406225,0.0149181,0.913651,
695.157,0,360,0,695.157,202.5,0,0,1,0.40628,0.00812189,0.913712,-0.00595767,0.999963,-0.0062395,-0.913729,-0.00290861,0.406314,
628.513

205 imx390

640

1
2022-04-09-00-33-11:
448.947,0,320,0,448.947,180,0,0,1,0.184235,0.0264681,-0.982526,-0.00994292,0.999636,0.0250646,0.982832,0.00515138,0.184431,
460.455,0,320,0,460.455,180,0,0,1,0.950664,-0.0259506,-0.309136,0.0291518,0.999559,0.00573974,0.308851,-0.0144684,0.951,
473.401,0,320,0,473.401,180,0,0,1,0.948512,0.0235424,0.315866,-0.0292872,0.99948,0.0134523,-0.315385,-0.0220105,0.948708,
494.546,0,320,0,494.546,180,0,0,1,0.21866,0.00304694,0.975796,0.0086784,0.999949,-0.00506705,-0.975762,0.00957631,0.218623,
466.928

2
2022-04-09-00-33-12:
527.008,0,320,0,527.008,180,0,0,1,0.30894,0.0124199,-0.951001,-0.0106465,0.999897,0.00959986,0.951022,0.00715901,0.30904,
539.871,0,320,0,539.871,180,0,0,1,0.94793,-0.0269944,-0.317333,0.0255449,0.999636,-0.00872831,0.317453,0.000167585,0.948274,
547.848,0,320,0,547.848,180,0,0,1,0.949426,0.0149656,0.313634,-0.0238263,0.999417,0.0244377,-0.313085,-0.0306745,0.94923,
552.857,0,320,0,552.857,180,0,0,1,0.297381,0.0106519,0.9547,0.00570208,0.9999,-0.0129323,-0.954742,0.00928961,0.29729,
543.86


258 st
distored
1
5093.54,0,320,0,5093.54,180,0,0,1,0.990251,-0.0289489,-0.13625,-0.0162866,0.947392,-0.31966,0.138336,0.318763,0.937685,
5062.47,0,320,0,5062.47,180,0,0,1,0.998381,-0.0367373,-0.043432,0.0209781,0.947459,-0.319187,0.0528762,0.317759,0.946696,
4976.91,0,320,0,4976.91,180,0,0,1,0.998971,0.0103404,0.04415,0.00423479,0.948122,-0.317878,-0.0451466,0.317738,0.947103,
4947.03,0,320,0,4947.03,180,0,0,1,0.989246,0.05499,0.135532,-0.0091451,0.948075,-0.317916,-0.145977,0.313257,0.938382,
5019.69

2
6157.41,0,320,0,6157.41,180,0,0,1,0.993221,-0.0372395,-0.110116,0.0193385,0.98703,-0.159369,0.114622,0.15616,0.981059,
6149.73,0,320,0,6149.73,180,0,0,1,0.999114,0.0213781,-0.0362632,-0.0269055,0.986826,-0.159535,0.0323749,0.160369,0.986526,
6150.96,0,320,0,6150.96,180,0,0,1,0.999231,0.0132883,0.036889,-0.00720142,0.987013,-0.160476,-0.0385424,0.160087,0.98635,
6156.61,0,320,0,6156.61,180,0,0,1,0.993984,0.00266958,0.10949,0.0149602,0.987023,-0.159879,-0.108496,0.160555,0.981046,
6153.79

